Initial Solution:
5
1 0 1 2 3 4 5 6 7 8 9 10 11 12 13 14 15 16 17 18 19 20 21 22 23 0
2 0 24 25 26 27 28 29 30 31 32 33 34 35 36 37 38 39 40 41 42 43 44 45 46 0
3 0 47 48 49 50 51 52 53 54 55 56 57 58 59 60 61 62 63 64 65 66 67 68 69 70 0
4 0 71 72 73 74 75 76 77 78 79 80 81 82 83 84 85 86 87 88 89 90 91 92 0
5 0 93 94 95 96 97 98 99 0
Best solution:
5
1 0 68 62 33 65 51 13 17 54 16 88 18 19 35 57 56 27 53 89 12 31 60 44 46 0
2 0 76 15 1 59 7 14 58 6 91 64 93 34 24 29 79 8 9 98 5 80 20 95 70 0
3 0 90 84 42 41 10 97 11 86 87 48 36 72 63 47 39 22 67 21 3 4 23 0
4 0 71 74 38 52 49 85 55 40 96 43 32 37 2 73 82 61 78 94 28 26 99 0
5 0 50 30 66 77 75 45 81 83 69 25 92 0
Details of initial solution:
Target function value = 884.380285994649
Total travel time = 5423.80285994649
Total penalty = 66
Total vehicle cost = 2600
Details of best solution:
Target function value = 299.097561798291
Total travel time = 1730.97561798291
Total penalty = 12
Total vehicle cost = 2600
