Initial Solution:
4
1 0 1 2 3 4 5 6 7 8 9 10 11 12 13 14 15 16 17 18 19 20 21 22 23 24 25 26 27 28 29 30 0
2 0 31 32 33 34 35 36 37 38 39 40 41 42 43 44 45 46 47 48 49 50 51 52 53 54 55 56 57 58 59 60 61 0
3 0 62 63 64 65 66 67 68 69 70 71 72 73 74 75 76 77 78 79 80 81 82 83 84 85 86 87 88 89 90 91 92 0
4 0 93 94 95 96 97 98 99 0
Best solution:
4
1 0 43 40 4 5 9 1 6 7 8 10 11 12 29 37 35 71 69 70 72 73 74 94 89 84 90 92 0
2 0 32 27 36 31 38 56 57 68 3 2 41 44 48 50 46 42 39 49 47 45 51 52 53 64 63 66 67 60 58 59 61 0
3 0 54 55 65 62 77 82 78 79 81 76 83 85 93 86 87 91 88 96 97 95 98 99 0
4 0 75 80 18 13 14 19 15 16 17 25 24 23 20 21 22 26 33 34 28 30 0
Details of initial solution:
Target function value = 389.719258159619
Total travel time = 956.792581596188
Total penalty = 52
Total vehicle cost = 2868
Details of best solution:
Target function value = 250.443105537656
Total travel time = 924.03105537656
Total penalty = 18
Total vehicle cost = 2868
