Initial Solution:
4
10 0 1 2 3 4 5 6 7 8 9 10 11 12 13 14 15 16 17 18 19 20 21 22 23 24 25 26 27 28 29 0
2 0 30 31 32 33 34 35 36 37 38 39 40 41 42 43 44 45 46 47 48 49 50 51 52 53 54 55 56 57 0
1 0 58 59 60 61 62 63 64 65 66 67 68 69 70 71 72 73 74 75 76 77 78 79 80 81 82 83 84 85 86 0
7 0 87 88 89 90 91 92 93 94 95 96 97 98 99 0
Best solution:
4
10 0 1 2 3 4 77 44 7 8 51 66 11 12 13 14 15 16 17 18 19 20 73 74 23 82 83 26 98 47 29 0
9 0 30 31 32 33 34 35 50 93 71 67 40 41 42 43 78 79 80 81 24 25 84 85 86 0
1 0 58 28 48 61 62 63 64 37 87 88 68 69 70 94 95 21 54 55 76 5 6 45 46 99 0
7 0 38 39 89 90 91 92 9 10 72 96 97 27 59 60 49 36 65 52 53 22 75 56 57 0
Details of initial solution:
Target function value = 981.831113727083
Total travel time = 5520.31113727083
Total penalty = 42
Total vehicle cost = 2618
Details of best solution:
Target function value = 587.43470100034
Total travel time = 3310.3470100034
Total penalty = 3
Total vehicle cost = 2444
