Initial Solution:
4
10 0 1 2 3 4 5 6 7 8 9 10 11 12 13 14 15 16 17 18 19 20 21 22 23 24 25 26 27 28 29 0
2 0 30 31 32 33 34 35 36 37 38 39 40 41 42 43 44 45 46 47 48 49 50 51 52 53 54 55 56 57 0
1 0 58 59 60 61 62 63 64 65 66 67 68 69 70 71 72 73 74 75 76 77 78 79 80 81 82 83 84 85 86 0
7 0 87 88 89 90 91 92 93 94 95 96 97 98 99 0
Best solution:
4
1 0 79 93 40 71 87 42 20 1 97 30 7 8 13 61 18 11 23 64 3 82 66 77 51 46 2 44 85 86 0
11 0 83 69 24 96 38 68 26 45 91 6 90 70 28 21 35 33 67 74 57 0
4 0 9 31 92 81 49 54 73 43 41 98 47 75 65 36 22 52 39 89 53 72 25 4 37 99 0
7 0 88 5 60 10 84 59 63 27 62 12 76 55 14 19 48 56 32 50 80 78 17 15 16 94 58 34 95 29 0
Details of initial solution:
Target function value = 914.571113727083
Total travel time = 5520.31113727083
Total penalty = 71
Total vehicle cost = 2618
Details of best solution:
Target function value = 333.591965251567
Total travel time = 1771.91965251567
Total penalty = 22
Total vehicle cost = 2280
