Initial Solution:
4
5 0 1 2 3 4 5 6 7 8 9 10 11 12 13 14 15 16 17 18 19 20 21 22 23 24 25 26 27 28 29 30 31 0
3 0 32 33 34 35 36 37 38 39 40 41 42 43 44 45 46 47 48 49 50 51 52 53 54 55 56 57 58 59 0
8 0 60 61 62 63 64 65 66 67 68 69 70 71 72 73 74 75 76 77 78 79 80 81 82 83 84 85 86 87 88 0
7 0 89 90 91 92 93 94 95 96 97 98 99 0
Best solution:
4
5 0 1 2 3 4 10 47 7 44 45 46 11 12 13 14 27 28 29 18 19 20 55 63 64 72 73 74 97 98 99 0
3 0 32 33 34 35 36 37 38 39 86 87 42 43 8 9 5 6 48 49 50 51 52 53 68 69 70 57 58 59 0
8 0 60 61 62 56 71 65 66 67 54 21 22 23 24 25 26 15 16 17 30 31 0
7 0 89 90 91 92 93 94 95 96 75 76 80 81 82 77 78 79 83 84 85 40 41 88 0
Details of initial solution:
Target function value = 699.54437130474
Total travel time = 3469.4437130474
Total penalty = 21
Total vehicle cost = 2686
Details of best solution:
Target function value = 515.458990776765
Total travel time = 2468.58990776765
Total penalty = 0
Total vehicle cost = 2686
