Initial Solution:
5
1 0 1 2 3 4 5 6 7 8 9 10 11 12 13 14 15 16 17 18 19 20 21 22 23 24 0
2 0 25 26 27 28 29 30 31 32 33 34 35 36 37 38 39 40 41 42 43 44 45 0
3 0 46 47 48 49 50 51 52 53 54 55 56 57 58 59 60 61 62 63 64 65 66 0
4 0 67 68 69 70 71 72 73 74 75 76 77 78 79 80 81 82 83 84 85 86 87 88 89 90 0
5 0 91 92 93 94 95 96 97 98 99 0
Best solution:
5
1 0 88 21 54 41 1 32 38 40 86 9 12 13 5 15 11 8 34 80 75 69 64 61 76 66 0
2 0 4 48 53 46 59 50 65 17 7 10 71 58 74 79 97 98 85 84 94 90 0
3 0 52 49 60 68 73 87 81 92 91 63 57 70 72 83 95 99 0
4 0 67 42 43 51 39 78 89 93 96 6 2 3 36 37 55 47 56 62 30 44 45 0
5 0 26 28 25 16 18 23 29 19 20 14 33 77 27 82 22 35 31 24 0
Details of initial solution:
Target function value = 683.879999942406
Total travel time = 3623.29999942406
Total penalty = 61
Total vehicle cost = 2585
Details of best solution:
Target function value = 258.338870520241
Total travel time = 1447.88870520241
Total penalty = 9
Total vehicle cost = 2585
