N=100, M=11, random seed=17, case type=26 (locations: combined, time windows: wide, vehicle capacities: totally random)

Vehicle
Number			Capacities
11			387 242 686 43 616 435 610 245 552 743 186 



1 40 1 15 90 888 90
2 36 1 15 10 733 90
3 52 97 15 129 857 90
4 34 1 15 19 743 90
5 42 0 30 244 977 90
6 64 0 30 116 843 90
7 39 3 30 145 854 90
8 1 86 30 30 815 90
9 41 0 30 196 950 90
10 22 24 30 79 890 90
11 32 1 30 20 725 90
12 33 1 15 150 906 90
13 96 13 15 159 950 90
14 61 55 15 50 766 90
15 95 10 30 17 761 90
16 76 12 30 77 851 90
17 92 7 30 257 956 90
18 88 11 30 188 991 90
19 95 10 30 186 980 90
20 67 82 15 100 831 90
21 88 10 30 167 941 90
22 90 8 15 103 850 90
23 91 13 30 133 894 90
24 38 53 15 232 927 90
25 93 12 15 257 980 90
26 63 17 30 34 786 90
27 56 17 15 19 748 90
28 82 41 30 232 950 90
29 56 15 30 135 933 90
30 51 13 15 160 873 90
31 51 16 15 31 750 90
32 58 18 15 70 834 90
33 71 53 15 277 992 90
34 58 16 15 86 815 90
35 98 42 30 199 957 90
36 54 16 30 175 897 90
37 61 96 15 159 902 90
38 53 15 30 89 866 90
39 5 3 15 34 795 90
40 9 4 30 86 777 90
41 6 3 15 104 879 90
42 74 82 15 105 903 90
43 9 5 30 136 891 90
44 6 3 15 5 694 90
45 54 11 15 25 788 90
46 1 0 30 58 754 90
47 10 4 15 178 953 90
48 50 57 30 172 875 90
49 7 3 30 53 756 90
50 4 1 15 177 888 90
51 36 75 30 210 925 90
52 43 31 30 132 843 90
53 50 35 15 207 975 90
54 83 44 30 160 933 90
55 41 34 30 227 958 90
56 48 32 15 212 928 90
57 77 95 15 215 982 90
58 90 11 30 163 956 90
59 41 34 30 26 741 90
60 49 38 30 144 925 90
61 34 38 30 61 868 90
62 35 39 30 104 879 90
63 2 42 15 19 801 90
64 40 40 15 130 932 90
65 36 36 15 35 784 90
66 33 84 15 114 836 90
67 81 79 30 80 885 90
68 36 36 30 295 990 90
69 33 38 15 121 842 90
70 73 10 30 133 929 90
71 35 41 15 61 856 90
72 37 58 15 175 946 90
73 95 58 30 64 860 90
74 37 62 30 190 946 90
75 37 52 15 65 869 90
76 60 51 15 8 740 90
77 40 55 15 138 878 90
78 38 61 15 208 976 90
79 97 85 30 223 914 90
80 37 54 15 127 901 90
81 39 62 15 6 813 90
82 40 59 15 58 771 90
83 33 69 30 198 956 90
84 12 37 15 48 835 90
85 24 95 15 181 976 90
86 30 76 30 194 945 90
87 27 76 30 28 743 90
88 30 69 30 141 927 90
89 6 7 15 218 986 90
90 28 69 15 106 867 90
91 29 70 15 36 790 90
92 54 33 15 37 813 90
93 33 73 30 53 837 90
94 34 75 30 79 889 90
95 13 57 30 34 816 90
96 16 55 15 107 911 90
97 14 54 15 68 847 90
98 14 60 15 188 961 90
99 11 61 30 139 838 90
0 42 39 10 0 1000 0
