Initial Solution:
4
10 0 1 2 3 4 5 6 7 8 9 10 11 12 13 14 15 16 17 18 19 20 21 22 23 24 25 26 27 28 29 30 31 32 0
3 0 33 34 35 36 37 38 39 40 41 42 43 44 45 46 47 48 49 50 51 52 53 54 55 56 57 58 59 60 61 0
5 0 62 63 64 65 66 67 68 69 70 71 72 73 74 75 76 77 78 79 80 81 82 83 84 85 86 87 88 89 90 91 0
7 0 92 93 94 95 96 97 98 99 0
Best solution:
4
1 0 92 15 45 76 14 81 82 90 8 93 94 73 20 33 26 32 0
3 0 69 27 36 31 5 2 4 43 49 40 47 11 12 52 71 75 80 24 77 48 72 74 78 51 85 86 87 88 83 91 0
5 0 64 65 62 63 44 39 50 46 84 96 97 95 66 3 37 67 42 79 57 28 54 35 25 58 18 9 10 61 0
7 0 41 7 1 38 30 29 34 6 16 22 23 13 19 17 21 70 56 53 60 55 59 68 89 98 99 0
Details of initial solution:
Target function value = 683.820250126287
Total travel time = 3641.70250126287
Total penalty = 60
Total vehicle cost = 2655
Details of best solution:
Target function value = 301.336625148093
Total travel time = 1683.66625148093
Total penalty = 16
Total vehicle cost = 2299
