Initial Solution:
4
10 0 1 2 3 4 5 6 7 8 9 10 11 12 13 14 15 16 17 18 19 20 21 22 23 24 25 26 27 28 29 30 31 32 0
2 0 33 34 35 36 37 38 39 40 41 42 43 44 45 46 47 48 49 50 51 52 53 54 55 56 57 58 59 60 61 62 63 0
1 0 64 65 66 67 68 69 70 71 72 73 74 75 76 77 78 79 80 81 82 83 84 85 86 87 88 89 90 91 92 93 0
7 0 94 95 96 97 98 99 0
Best solution:
4
6 0 31 38 5 9 6 3 7 8 4 11 12 10 96 97 95 98 99 0
4 0 35 27 28 30 1 2 40 41 44 42 39 43 45 47 49 46 50 48 51 52 54 57 53 58 59 68 69 66 67 70 63 0
3 0 64 65 55 56 60 13 14 15 19 16 17 22 21 18 20 23 24 25 26 34 29 33 36 37 32 0
7 0 61 62 71 75 80 77 82 72 78 73 76 81 74 79 83 85 89 87 92 84 90 91 88 94 86 93 0
Details of initial solution:
Target function value = 236.634093082459
Total travel time = 944.440930824595
Total penalty = 14
Total vehicle cost = 2873
Details of best solution:
Target function value = 150.830988017852
Total travel time = 743.609880178522
Total penalty = 0
Total vehicle cost = 2549
