Initial Solution:
4
10 0 1 2 3 4 5 6 7 8 9 10 11 12 13 14 15 16 17 18 19 20 21 22 23 24 25 26 27 28 29 30 31 0
2 0 32 33 34 35 36 37 38 39 40 41 42 43 44 45 46 47 48 49 50 51 52 53 54 55 56 57 58 59 60 61 0
1 0 62 63 64 65 66 67 68 69 70 71 72 73 74 75 76 77 78 79 80 81 82 83 84 85 86 87 88 89 90 91 92 93 94 95 96 0
7 0 97 98 99 0
Best solution:
4
5 0 92 97 30 7 13 2 4 20 23 1 51 82 66 18 85 86 44 46 84 25 24 96 0
6 0 76 14 43 35 73 80 50 74 32 67 79 40 93 71 87 42 56 57 64 37 3 11 99 0
3 0 81 60 36 29 75 68 9 38 77 72 53 10 5 88 48 19 17 54 78 28 21 34 41 33 61 0
7 0 12 8 62 27 63 59 89 52 39 65 6 70 98 16 47 58 15 55 69 83 49 26 95 90 94 91 45 22 31 0
Details of initial solution:
Target function value = 870.72930939802
Total travel time = 5565.3930939802
Total penalty = 57
Total vehicle cost = 2873
Details of best solution:
Target function value = 249.471618100752
Total travel time = 1692.31618100752
Total penalty = 2
Total vehicle cost = 2408
