Initial Solution:
5
1 0 1 2 3 4 5 6 7 8 9 10 11 12 13 14 15 16 17 18 19 20 21 22 23 24 0
2 0 25 26 27 28 29 30 31 32 33 34 35 36 37 38 39 40 41 42 43 44 45 0
3 0 46 47 48 49 50 51 52 53 54 55 56 57 58 59 60 61 62 63 64 65 66 0
4 0 67 68 69 70 71 72 73 74 75 76 77 78 79 80 81 82 83 84 85 86 87 88 89 90 0
5 0 91 92 93 94 95 96 97 98 99 0
Best solution:
5
1 0 1 2 3 4 5 8 9 6 7 10 11 12 13 28 29 30 17 58 59 80 97 98 99 0
2 0 25 26 27 14 15 16 31 32 33 34 35 36 37 38 39 40 41 54 88 44 45 0
3 0 46 47 48 49 50 51 52 53 68 69 70 57 78 79 60 61 62 56 71 65 66 0
4 0 67 42 43 89 64 87 55 96 81 82 77 18 19 20 21 22 23 24 0
5 0 91 92 93 94 95 74 75 76 83 84 85 86 72 73 63 90 0
Details of initial solution:
Target function value = 760.829999942406
Total travel time = 3623.29999942406
Total penalty = 35
Total vehicle cost = 2585
Details of best solution:
Target function value = 538.005261499174
Total travel time = 2595.05261499174
Total penalty = 5
Total vehicle cost = 2585
