Initial Solution:
4
10 0 1 2 3 4 5 6 7 8 9 10 11 12 13 14 15 16 17 18 19 20 21 22 23 24 25 26 27 28 29 30 31 32 0
3 0 33 34 35 36 37 38 39 40 41 42 43 44 45 46 47 48 49 50 51 52 53 54 55 56 57 58 59 60 61 0
5 0 62 63 64 65 66 67 68 69 70 71 72 73 74 75 76 77 78 79 80 81 82 83 84 85 86 87 88 89 90 91 0
7 0 92 93 94 95 96 97 98 99 0
Best solution:
4
1 0 47 43 44 39 46 50 49 41 40 89 84 63 8 90 88 91 0
3 0 59 29 34 26 27 36 31 45 30 7 1 9 4 11 12 2 5 6 70 38 56 55 64 24 62 68 10 69 61 0
5 0 71 72 74 81 48 14 16 18 21 17 22 58 23 25 15 19 13 35 54 28 60 52 53 92 32 0
7 0 65 97 87 93 66 73 67 57 20 51 95 96 80 75 77 78 82 76 33 79 42 37 3 85 86 94 83 98 99 0
Details of initial solution:
Target function value = 591.820250126287
Total travel time = 3641.70250126287
Total penalty = 37
Total vehicle cost = 2655
Details of best solution:
Target function value = 204.546795247661
Total travel time = 1315.76795247661
Total penalty = 1
Total vehicle cost = 2299
