Initial Solution:
4
1 0 1 2 3 4 5 6 7 8 9 10 11 12 13 14 15 16 17 18 19 20 21 22 23 24 25 26 27 28 29 0
2 0 30 31 32 33 34 35 36 37 38 39 40 41 42 43 44 45 46 47 48 49 50 51 52 53 54 55 56 57 58 59 0
3 0 60 61 62 63 64 65 66 67 68 69 70 71 72 73 74 75 76 77 78 79 80 81 82 83 84 85 86 87 88 89 90 91 92 0
4 0 93 94 95 96 97 98 99 0
Best solution:
4
1 0 1 4 51 66 2 46 30 97 77 48 55 33 69 36 53 89 39 52 22 68 29 0
2 0 19 20 3 18 86 61 85 7 13 44 8 62 27 72 63 25 38 96 24 12 9 5 10 84 59 0
3 0 60 75 98 16 47 15 41 43 17 78 28 70 90 6 65 26 21 54 49 81 45 91 95 58 94 34 35 83 92 0
4 0 31 88 14 76 56 42 32 50 71 87 57 93 40 79 73 80 74 67 64 37 23 11 82 99 0
Details of initial solution:
Target function value = 853.083395027776
Total travel time = 5510.43395027776
Total penalty = 54
Total vehicle cost = 2868
Details of best solution:
Target function value = 251.718250724166
Total travel time = 1576.78250724166
Total penalty = 2
Total vehicle cost = 2868
