N=100, M=11, random seed=18, case type=13 (locations: clustered, time windows: moderate, vehicle capacities: moderately random)

Vehicle
Number			Capacities
11			520 720 550 639 616 502 511 529 632 708 530 



1 61 2 15 63 609 90
2 60 13 15 492 949 90
3 66 5 15 315 876 90
4 75 11 15 436 996 90
5 55 12 15 272 814 90
6 75 25 30 75 578 90
7 79 0 15 412 915 90
8 77 3 15 376 820 90
9 61 15 15 332 782 90
10 67 2 15 134 606 90
11 82 23 15 47 495 90
12 81 2 30 297 838 90
13 75 16 30 444 952 90
14 63 0 15 67 577 90
15 61 12 30 282 750 90
16 78 6 15 84 607 90
17 65 14 15 98 595 90
18 63 8 15 174 627 90
19 83 27 30 263 790 90
20 58 4 30 341 871 90
21 81 24 30 418 920 90
22 66 16 30 442 967 90
23 67 18 15 448 966 90
24 77 8 15 291 789 90
25 88 5 15 262 796 90
26 68 18 15 333 826 90
27 71 8 30 230 756 90
28 72 7 30 404 891 90
29 73 4 30 266 741 90
30 83 3 30 50 529 90
31 72 21 30 462 916 90
32 82 4 15 146 676 90
33 58 15 30 158 708 90
34 -18 -5 30 160 681 90
35 -16 -7 30 347 872 90
36 -1 0 30 241 797 90
37 -18 -6 15 252 796 90
38 -8 -3 15 114 643 90
39 9 3 15 464 949 90
40 -17 -9 15 280 841 90
41 -6 -2 30 2 491 90
42 -6 -1 30 353 835 90
43 -16 -4 30 18 466 90
44 -2 0 30 499 994 90
45 -11 -6 30 154 690 90
46 -11 -5 30 118 557 90
47 -9 -4 15 345 810 90
48 -12 -2 15 329 840 90
49 9 3 15 215 664 90
50 8 2 15 168 609 90
51 9 4 30 79 548 90
52 0 0 30 21 567 90
53 -1 0 30 440 952 90
54 -16 -8 15 73 609 90
55 -14 -7 15 72 603 90
56 0 0 15 206 694 90
57 -3 -2 30 349 850 90
58 -17 -7 30 62 584 90
59 -3 0 15 31 529 90
60 -4 -1 30 464 930 90
61 4 1 15 310 858 90
62 -1 0 30 186 690 90
63 -1 0 30 353 880 90
64 0 0 30 112 590 90
65 8 1 15 27 584 90
66 -16 -7 15 539 995 90
67 28 25 15 315 861 90
68 27 32 30 137 622 90
69 44 38 15 169 623 90
70 22 22 15 100 547 90
71 18 26 15 162 629 90
72 27 27 15 342 809 90
73 33 33 30 273 825 90
74 18 25 30 246 770 90
75 29 49 15 204 762 90
76 20 27 15 16 477 90
77 30 32 15 86 544 90
78 23 37 15 290 779 90
79 28 28 30 241 754 90
80 35 33 30 447 925 90
81 26 32 30 285 794 90
82 39 47 30 370 832 90
83 27 44 30 233 671 90
84 38 45 30 406 909 90
85 24 33 15 215 692 90
86 25 38 30 77 638 90
87 25 31 30 19 579 90
88 33 48 30 282 798 90
89 37 41 30 453 946 90
90 32 52 30 55 548 90
91 20 24 30 449 893 90
92 25 25 30 266 734 90
93 22 38 30 52 598 90
94 34 40 15 328 868 90
95 35 43 30 430 902 90
96 21 27 15 305 824 90
97 32 28 30 97 656 90
98 33 33 15 320 833 90
99 26 46 15 301 752 90
0 53 50 10 0 1000 0
