Initial Solution:
5
1 0 1 2 3 4 5 6 7 8 9 10 11 12 13 14 15 16 17 18 19 20 21 22 23 0
2 0 24 25 26 27 28 29 30 31 32 33 34 35 36 37 38 39 40 41 42 43 44 45 46 0
3 0 47 48 49 50 51 52 53 54 55 56 57 58 59 60 61 62 63 64 65 66 67 68 69 70 0
4 0 71 72 73 74 75 76 77 78 79 80 81 82 83 84 85 86 87 88 89 90 91 92 0
5 0 93 94 95 96 97 98 99 0
Best solution:
5
1 0 50 51 3 4 83 84 65 33 44 10 11 67 68 14 15 16 17 18 13 69 21 22 23 0
2 0 30 31 26 27 28 53 54 41 42 25 56 57 77 78 60 61 82 90 91 98 99 0
3 0 47 48 49 1 2 52 29 24 43 34 95 96 64 80 81 62 45 20 70 0
4 0 71 72 73 74 75 76 58 59 79 85 8 9 63 97 36 86 87 88 89 94 35 92 0
5 0 93 5 6 7 37 38 39 40 55 32 66 12 19 46 0
Details of initial solution:
Target function value = 922.380285994649
Total travel time = 5423.80285994649
Total penalty = 30
Total vehicle cost = 2600
Details of best solution:
Target function value = 550.901727386875
Total travel time = 2909.01727386875
Total penalty = 0
Total vehicle cost = 2600
