N=100, M=11, random seed=18, case type=24 (locations: random, time windows: wide, vehicle capacities: totally random)

Vehicle
Number			Capacities
11			61 660 151 418 348 7 36 90 397 623 92 



1 12 9 15 28 824 90
2 40 33 15 265 972 90
3 97 47 15 135 946 90
4 91 55 30 188 998 90
5 0 83 30 123 915 90
6 27 42 15 37 790 90
7 16 28 15 204 957 90
8 26 3 15 207 901 90
9 46 10 15 181 881 90
10 84 51 30 70 792 90
11 83 19 30 26 724 90
12 43 92 30 135 926 90
13 94 64 15 218 976 90
14 17 32 30 33 793 90
15 41 31 15 149 867 90
16 64 46 30 40 813 90
17 90 60 30 49 796 90
18 83 70 15 94 797 90
19 79 86 15 124 901 90
20 2 93 15 159 939 90
21 87 13 30 208 960 90
22 62 7 15 209 984 90
23 98 56 30 215 983 90
24 3 33 30 146 894 90
25 72 98 30 121 905 90
26 49 84 30 169 912 90
27 92 81 30 108 884 90
28 67 93 30 207 944 90
29 7 0 15 139 864 90
30 38 64 15 26 755 90
31 47 91 30 250 954 90
32 19 29 15 68 848 90
33 76 79 15 70 870 90
34 3 66 30 76 847 90
35 83 86 15 164 939 90
36 72 10 30 105 911 90
37 19 30 15 114 908 90
38 34 10 15 53 832 90
39 58 20 15 239 974 90
40 3 55 15 120 931 90
41 86 60 30 1 740 90
42 84 56 15 182 914 90
43 6 53 30 10 708 90
44 76 72 15 252 997 90
45 49 88 15 71 857 90
46 74 83 15 65 754 90
47 64 35 30 184 899 90
48 77 18 15 161 922 90
49 4 13 30 117 816 90
50 59 60 15 92 783 90
51 99 72 15 42 761 90
52 15 17 15 9 805 90
53 96 98 15 214 976 90
54 84 65 30 34 820 90
55 2 42 30 33 814 90
56 96 84 15 105 843 90
57 96 83 15 174 925 90
58 12 38 15 29 801 90
59 17 8 15 15 763 90
60 59 80 15 246 962 90
61 61 47 30 138 936 90
62 59 76 15 92 846 90
63 81 33 30 166 943 90
64 9 78 30 58 786 90
65 76 79 30 11 818 90
66 33 75 30 291 997 90
67 75 7 15 141 937 90
68 58 63 30 70 805 90
69 71 87 15 91 795 90
70 4 97 15 55 752 90
71 63 37 15 86 803 90
72 88 23 15 182 899 90
73 64 42 30 120 922 90
74 57 14 30 116 890 90
75 51 86 15 88 896 90
76 52 36 30 9 720 90
77 49 84 15 46 754 90
78 65 83 30 148 887 90
79 13 2 30 117 880 90
80 15 87 30 233 961 90
81 66 77 15 139 898 90
82 62 46 15 198 910 90
83 66 87 30 129 817 90
84 52 68 15 202 955 90
85 10 17 30 112 839 90
86 77 7 30 33 844 90
87 71 19 30 8 818 90
88 75 55 15 136 902 90
89 75 97 30 229 972 90
90 46 74 15 27 770 90
91 33 49 30 247 941 90
92 75 91 15 141 859 90
93 14 88 15 23 819 90
94 65 86 15 150 940 90
95 2 96 15 226 948 90
96 1 55 30 146 915 90
97 79 35 30 42 851 90
98 7 43 30 155 918 90
99 39 90 15 164 865 90
0 53 50 10 0 1000 0
