Initial Solution:
4
10 0 1 2 3 4 5 6 7 8 9 10 11 12 13 14 15 16 17 18 19 20 21 22 23 24 25 26 27 28 29 30 31 0
2 0 32 33 34 35 36 37 38 39 40 41 42 43 44 45 46 47 48 49 50 51 52 53 54 55 56 57 58 59 60 61 0
1 0 62 63 64 65 66 67 68 69 70 71 72 73 74 75 76 77 78 79 80 81 82 83 84 85 86 87 88 89 90 91 92 93 94 95 96 0
7 0 97 98 99 0
Best solution:
4
3 0 51 82 4 1 67 32 74 50 73 80 35 41 43 54 17 88 83 81 49 95 90 91 45 26 92 31 0
5 0 76 55 19 48 69 5 10 68 29 75 65 36 22 60 84 9 24 12 25 38 96 0
6 0 62 8 46 30 7 44 13 85 18 11 3 23 42 79 93 40 71 87 57 64 37 99 0
7 0 97 77 27 72 59 63 53 39 89 52 6 98 70 16 15 47 94 58 34 21 28 78 33 14 56 20 66 86 2 61 0
Details of initial solution:
Target function value = 826.72930939802
Total travel time = 5565.3930939802
Total penalty = 46
Total vehicle cost = 2873
Details of best solution:
Target function value = 210.77286206324
Total travel time = 1385.3286206324
Total penalty = 0
Total vehicle cost = 2408
