Initial Solution:
4
9 0 1 2 3 4 5 6 7 8 9 10 11 12 13 14 15 16 17 18 19 20 21 22 23 24 25 26 27 28 29 30 31 0
4 0 32 33 34 35 36 37 38 39 40 41 42 43 44 45 46 47 48 49 50 51 52 53 54 55 56 57 58 59 60 61 0
2 0 62 63 64 65 66 67 68 69 70 71 72 73 74 75 76 77 78 79 80 81 82 83 84 85 0
8 0 86 87 88 89 90 91 92 93 94 95 96 97 98 99 0
Best solution:
4
7 0 53 26 3 4 5 6 7 8 9 74 28 29 13 17 70 71 91 92 93 94 95 96 97 98 99 0
4 0 32 33 76 77 36 37 40 38 39 41 46 65 44 63 48 50 51 49 64 47 43 66 54 55 56 59 57 58 60 61 0
2 0 62 45 42 52 1 2 27 69 18 19 25 67 82 83 84 35 78 79 73 89 90 12 30 31 0
8 0 86 87 14 15 16 88 10 11 72 21 22 23 24 20 80 81 68 75 34 85 0
Details of initial solution:
Target function value = 995.66710523096
Total travel time = 5821.6710523096
Total penalty = 42
Total vehicle cost = 2455
Details of best solution:
Target function value = 528.407415982883
Total travel time = 2928.07415982883
Total penalty = 1
Total vehicle cost = 2316
