Initial Solution:
4
1 0 1 2 3 4 5 6 7 8 9 10 11 12 13 14 15 16 17 18 19 20 21 22 23 24 25 26 27 28 29 0
2 0 30 31 32 33 34 35 36 37 38 39 40 41 42 43 44 45 46 47 48 49 50 51 52 53 54 55 56 57 58 59 60 0
3 0 61 62 63 64 65 66 67 68 69 70 71 72 73 74 75 76 77 78 79 80 81 82 83 84 85 86 87 0
4 0 88 89 90 91 92 93 94 95 96 97 98 99 0
Best solution:
4
1 0 1 2 3 4 5 39 40 8 9 10 11 21 22 23 89 90 91 92 93 94 95 96 97 98 99 0
2 0 30 31 20 12 34 6 75 76 48 25 7 19 32 33 13 82 83 58 85 86 28 29 0
3 0 61 62 45 42 43 66 64 47 52 70 71 51 38 54 55 37 77 36 56 57 81 14 24 49 59 68 87 0
4 0 88 15 16 17 18 41 46 65 44 63 67 72 73 74 26 27 69 53 35 78 79 80 84 50 60 0
Details of initial solution:
Target function value = 1013.12196417304
Total travel time = 5779.21964173041
Total penalty = 44
Total vehicle cost = 2592
Details of best solution:
Target function value = 545.463605085098
Total travel time = 2782.63605085098
Total penalty = 2
Total vehicle cost = 2592
