Initial Solution:
5
2 0 1 2 3 4 5 6 7 8 9 10 11 12 13 14 15 16 17 18 19 20 21 22 23 24 25 26 27 28 29 30 31 0
10 0 32 33 34 35 36 37 38 39 40 41 42 43 44 45 46 47 48 49 50 51 52 53 54 55 56 57 0
4 0 58 59 60 61 62 63 64 65 66 67 68 69 70 71 72 73 74 75 76 0
9 0 77 78 79 80 81 82 83 84 85 86 87 88 89 90 0
5 0 91 92 93 94 95 96 97 98 99 0
Best solution:
5
2 0 9 2 5 10 3 14 1 35 66 40 58 37 34 43 42 44 41 38 47 45 46 48 59 60 56 61 52 64 54 55 57 0
10 0 11 6 13 4 8 7 32 12 16 17 33 15 20 18 22 23 26 19 21 25 30 24 29 27 28 31 0
4 0 65 39 36 53 62 63 50 51 49 70 67 72 77 86 78 93 85 79 76 0
9 0 80 73 98 97 81 96 74 71 91 92 87 68 69 83 99 0
5 0 82 84 89 94 95 88 75 90 0
Details of initial solution:
Target function value = 250.554848494836
Total travel time = 1771.74848494836
Total penalty = 0
Total vehicle cost = 2446
Details of best solution:
Target function value = 170.058477744384
Total travel time = 966.784777443837
Total penalty = 0
Total vehicle cost = 2446
