Initial Solution:
4
1 0 1 2 3 4 5 6 7 8 9 10 11 12 13 14 15 16 17 18 19 20 21 22 23 24 25 26 27 28 29 30 31 32 33 0
2 0 34 35 36 37 38 39 40 41 42 43 44 45 46 47 48 49 50 51 52 53 54 55 56 57 58 59 60 61 62 63 0
3 0 64 65 66 67 68 69 70 71 72 73 74 75 76 77 78 79 80 81 82 83 84 85 86 87 88 89 90 91 92 93 94 95 0
4 0 96 97 98 99 0
Best solution:
4
1 0 1 2 3 89 26 87 55 8 22 27 67 68 69 85 53 54 88 21 9 6 92 60 61 62 63 0
2 0 34 97 19 37 38 39 40 73 74 43 44 45 46 47 48 17 18 11 25 90 91 7 56 57 58 59 93 94 95 0
3 0 64 65 66 28 29 84 70 71 72 41 42 75 76 77 78 79 80 81 82 83 13 14 15 33 0
4 0 96 35 36 20 4 5 10 98 52 86 23 24 12 30 31 32 16 49 50 51 99 0
Details of initial solution:
Target function value = 948.873316140957
Total travel time = 4760.73316140957
Total penalty = 46
Total vehicle cost = 2888
Details of best solution:
Target function value = 598.615747216861
Total travel time = 3098.15747216861
Total penalty = 0
Total vehicle cost = 2888
