N=100, M=11, random seed=19, case type=14 (locations: combined, time windows: moderate, vehicle capacities: moderately random)

Vehicle
Number			Capacities
11			517 597 727 511 738 544 713 719 637 566 616 



1 65 39 15 229 672 90
2 42 7 15 50 536 90
3 44 5 30 475 956 90
4 27 28 15 206 703 90
5 30 0 30 348 837 90
6 37 4 30 129 582 90
7 19 67 15 290 808 90
8 44 1 15 29 497 90
9 38 2 15 266 710 90
10 46 79 15 237 693 90
11 40 2 15 444 946 90
12 33 3 15 407 851 90
13 33 1 30 224 772 90
14 74 9 30 357 820 90
15 39 0 15 386 902 90
16 66 13 15 322 766 90
17 0 73 30 328 852 90
18 67 14 15 120 671 90
19 64 12 15 431 873 90
20 69 10 30 368 823 90
21 89 95 15 27 582 90
22 94 7 30 509 986 90
23 65 15 30 201 651 90
24 54 7 30 208 768 90
25 65 10 30 234 712 90
26 59 8 30 3 511 90
27 74 3 30 531 982 90
28 60 9 30 73 592 90
29 64 17 15 342 824 90
30 57 46 15 461 924 90
31 61 16 30 384 910 90
32 44 22 30 286 820 90
33 81 4 15 262 778 90
34 43 16 30 474 978 90
35 67 30 30 465 988 90
36 42 17 15 158 598 90
37 39 17 15 246 725 90
38 38 18 15 228 726 90
39 9 37 30 37 546 90
40 35 14 30 254 770 90
41 80 78 30 365 865 90
42 45 21 30 96 575 90
43 34 16 15 24 490 90
44 44 53 15 368 864 90
45 39 19 30 424 865 90
46 31 23 15 169 719 90
47 45 66 30 140 648 90
48 28 25 30 61 618 90
49 38 28 30 370 843 90
50 26 46 15 291 771 90
51 23 22 30 16 556 90
52 36 26 15 163 698 90
53 32 23 30 145 636 90
54 86 85 15 302 823 90
55 38 29 30 103 600 90
56 14 97 30 139 648 90
57 25 22 30 379 820 90
58 35 65 30 509 990 90
59 31 29 15 299 795 90
60 35 28 30 300 785 90
61 13 22 15 446 892 90
62 11 81 30 417 969 90
63 8 13 15 355 801 90
64 13 22 30 23 549 90
65 13 58 30 174 675 90
66 14 19 15 472 931 90
67 69 36 15 33 562 90
68 15 21 30 223 747 90
69 14 21 15 438 993 90
70 18 23 30 442 973 90
71 39 85 15 434 918 90
72 17 23 15 438 906 90
73 10 15 15 335 795 90
74 28 53 30 461 941 90
75 16 20 15 439 992 90
76 14 20 30 331 851 90
77 70 1 15 396 873 90
78 9 23 15 11 509 90
79 10 27 30 468 919 90
80 40 18 30 414 887 90
81 5 14 15 306 814 90
82 82 9 30 72 525 90
83 11 27 15 393 835 90
84 5 18 15 474 980 90
85 8 25 30 390 949 90
86 28 15 15 272 714 90
87 5 12 30 203 744 90
88 96 65 30 121 585 90
89 9 22 15 49 556 90
90 5 21 15 210 740 90
91 7 16 15 437 911 90
92 4 14 15 288 740 90
93 6 20 15 229 751 90
94 6 21 30 480 987 90
95 11 27 15 331 840 90
96 7 21 30 49 531 90
97 9 27 30 459 984 90
98 8 26 30 388 872 90
99 8 23 30 55 582 90
0 56 49 10 0 1000 0
