Initial Solution:
4
10 0 1 2 3 4 5 6 7 8 9 10 11 12 13 14 15 16 17 18 19 20 21 22 23 24 25 26 27 28 29 30 31 32 0
3 0 33 34 35 36 37 38 39 40 41 42 43 44 45 46 47 48 49 50 51 52 53 54 55 56 57 58 59 60 61 0
5 0 62 63 64 65 66 67 68 69 70 71 72 73 74 75 76 77 78 79 80 81 82 83 84 85 86 87 88 89 90 91 0
7 0 92 93 94 95 96 97 98 99 0
Best solution:
4
10 0 1 2 6 7 49 50 4 5 9 10 11 12 13 58 70 25 17 18 21 22 23 19 20 24 71 72 73 28 29 30 31 32 0
1 0 33 34 35 36 52 53 80 81 82 83 84 85 86 87 88 89 90 91 0
5 0 62 63 64 65 66 67 57 14 15 16 26 27 74 75 76 77 78 38 39 40 41 42 93 94 95 96 97 98 99 0
7 0 92 43 44 45 46 47 48 8 3 51 37 79 54 55 56 68 69 59 60 61 0
Details of initial solution:
Target function value = 733.670250126287
Total travel time = 3641.70250126287
Total penalty = 26
Total vehicle cost = 2655
Details of best solution:
Target function value = 494.546436802215
Total travel time = 2589.46436802215
Total penalty = 0
Total vehicle cost = 2356
