Initial Solution:
5
2 0 1 2 3 4 5 6 7 8 9 10 11 12 13 14 15 16 17 18 19 20 21 22 23 24 25 26 27 28 29 0
10 0 30 31 32 33 34 35 36 37 38 39 40 41 42 43 44 45 46 47 48 49 50 51 52 53 54 55 56 57 58 59 60 0
4 0 61 62 63 64 65 66 67 68 69 70 71 72 73 74 75 76 77 0
9 0 78 79 80 81 82 83 84 85 86 87 88 89 90 91 92 93 94 0
5 0 95 96 97 98 99 0
Best solution:
5
2 0 1 2 3 4 41 42 44 53 54 10 11 86 87 14 15 16 88 35 19 81 75 25 89 31 12 66 90 91 29 0
10 0 78 45 65 13 17 18 36 37 49 24 40 5 6 43 7 8 9 98 99 0
4 0 61 62 63 47 73 74 67 21 72 48 22 97 71 38 39 76 77 0
9 0 30 64 70 58 59 52 79 85 32 34 26 33 27 28 92 93 94 0
5 0 68 69 46 56 57 23 50 51 83 84 80 20 95 96 55 82 60 0
Details of initial solution:
Target function value = 1074.0176168359
Total travel time = 5494.17616835898
Total penalty = 70
Total vehicle cost = 2446
Details of best solution:
Target function value = 636.260232426488
Total travel time = 2836.60232426488
Total penalty = 27
Total vehicle cost = 2446
