Initial Solution:
4
5 0 1 2 3 4 5 6 7 8 9 10 11 12 13 14 15 16 17 18 19 20 21 22 23 24 25 26 27 28 29 30 31 32 33 0
3 0 34 35 36 37 38 39 40 41 42 43 44 45 46 47 48 49 50 51 52 53 54 55 56 57 58 59 60 61 62 63 0
8 0 64 65 66 67 68 69 70 71 72 73 74 75 76 77 78 79 80 81 82 83 84 85 86 87 88 89 90 91 92 93 94 95 96 0
7 0 97 98 99 0
Best solution:
4
6 0 1 2 3 4 5 6 53 67 42 43 11 12 13 28 29 30 17 65 66 86 92 93 94 95 96 0
3 0 25 26 36 37 38 39 40 8 9 77 78 79 46 47 48 49 50 83 84 85 68 69 70 57 58 59 60 61 62 63 0
4 0 64 89 90 91 87 55 56 71 10 44 74 75 76 72 73 45 80 81 98 99 0
7 0 97 82 51 52 7 41 54 88 21 22 23 18 19 20 24 34 35 27 14 15 16 31 32 33 0
Details of initial solution:
Target function value = 855.32994779607
Total travel time = 3616.2994779607
Total penalty = 51
Total vehicle cost = 2897
Details of best solution:
Target function value = 522.621404502563
Total travel time = 2531.21404502563
Total penalty = 5
Total vehicle cost = 2495
