Initial Solution:
4
1 0 1 2 3 4 5 6 7 8 9 10 11 12 13 14 15 16 17 18 19 20 21 22 23 24 25 26 27 28 29 30 31 32 33 0
2 0 34 35 36 37 38 39 40 41 42 43 44 45 46 47 48 49 50 51 52 53 54 55 56 57 58 59 60 61 62 63 0
3 0 64 65 66 67 68 69 70 71 72 73 74 75 76 77 78 79 80 81 82 83 84 85 86 87 88 89 90 91 92 93 94 95 0
4 0 96 97 98 99 0
Best solution:
4
1 0 29 72 21 15 92 75 24 8 9 10 11 12 79 80 36 97 50 39 40 55 30 31 32 33 0
2 0 34 28 1 27 14 22 19 20 73 74 93 7 25 26 2 3 91 56 43 44 45 46 47 48 49 98 99 0
3 0 64 65 66 57 58 59 70 71 16 17 18 23 76 77 78 13 35 81 82 83 84 61 62 63 0
4 0 96 37 38 51 52 86 87 41 42 67 68 69 60 85 53 54 88 89 90 4 5 6 94 95 0
Details of initial solution:
Target function value = 1008.87331614096
Total travel time = 4760.73316140957
Total penalty = 61
Total vehicle cost = 2888
Details of best solution:
Target function value = 634.173322725168
Total travel time = 3053.73322725168
Total penalty = 10
Total vehicle cost = 2888
