Initial Solution:
4
1 0 1 2 3 4 5 6 7 8 9 10 11 12 13 14 15 16 17 18 19 20 21 22 23 24 25 26 0
2 0 27 28 29 30 31 32 33 34 35 36 37 38 39 40 41 42 43 44 45 46 47 48 49 50 51 52 53 54 0
3 0 55 56 57 58 59 60 61 62 63 64 65 66 67 68 69 70 71 72 73 74 75 76 77 78 79 80 81 82 0
4 0 83 84 85 86 87 88 89 90 91 92 93 94 95 96 97 98 99 0
Best solution:
4
1 0 42 8 3 57 58 6 7 43 44 45 11 12 13 14 15 16 17 21 22 23 18 19 20 24 25 26 0
2 0 27 28 29 30 31 32 33 34 73 35 36 38 39 40 41 1 2 9 10 46 47 89 49 50 55 56 53 54 0
3 0 92 52 4 5 59 60 61 62 63 64 65 66 67 68 69 70 71 72 74 75 76 37 77 78 79 80 81 82 0
4 0 83 84 85 86 87 88 48 90 91 51 93 94 95 96 97 98 99 0
Details of initial solution:
Target function value = 865.234331467704
Total travel time = 3696.34331467704
Total penalty = 61
Total vehicle cost = 2516
Details of best solution:
Target function value = 696.326454356827
Total travel time = 2647.26454356827
Total penalty = 45
Total vehicle cost = 2516
