Initial Solution:
5
1 0 1 2 3 4 5 6 7 8 9 10 11 12 13 14 15 16 17 18 19 20 21 22 23 24 25 26 0
2 0 27 28 29 30 31 32 33 34 35 36 37 38 39 40 41 42 43 44 45 0
3 0 46 47 48 49 50 51 52 53 54 55 56 57 58 59 60 61 62 63 64 65 66 67 68 0
4 0 69 70 71 72 73 74 75 76 77 78 79 80 81 82 83 84 85 86 87 88 89 0
5 0 90 91 92 93 94 95 96 97 98 99 0
Best solution:
5
1 0 9 2 5 1 10 3 4 11 6 12 30 32 16 17 18 14 20 7 8 24 21 13 31 22 23 26 0
2 0 27 28 29 25 19 15 33 67 96 92 79 81 78 82 84 88 99 0
3 0 87 86 76 46 38 55 54 58 37 34 40 35 47 41 42 48 43 66 45 0
4 0 97 70 51 39 49 50 52 56 64 62 53 36 63 57 60 59 44 61 65 77 68 0
5 0 69 90 75 83 93 85 71 74 91 72 73 98 80 94 95 89 0
Details of initial solution:
Target function value = 417.469099531154
Total travel time = 1754.69099531154
Total penalty = 41
Total vehicle cost = 2600
Details of best solution:
Target function value = 241.097952863243
Total travel time = 1030.97952863243
Total penalty = 15
Total vehicle cost = 2600
