Initial Solution:
4
1 0 1 2 3 4 5 6 7 8 9 10 11 12 13 14 15 16 17 18 19 20 21 22 23 24 25 26 27 28 29 30 31 0
2 0 32 33 34 35 36 37 38 39 40 41 42 43 44 45 46 47 48 49 50 51 52 53 54 55 56 57 58 59 60 61 62 0
3 0 63 64 65 66 67 68 69 70 71 72 73 74 75 76 77 78 79 80 81 82 83 84 85 86 87 88 89 90 91 92 93 94 95 96 0
4 0 97 98 99 0
Best solution:
4
1 0 42 34 36 41 37 38 1 2 40 43 44 45 46 47 48 59 54 55 49 60 50 51 75 68 74 69 62 0
2 0 39 35 33 32 3 4 8 7 11 9 6 10 5 63 73 89 77 99 0
3 0 58 56 57 70 65 72 71 97 98 64 61 76 66 67 78 82 95 83 86 79 85 84 91 81 87 80 92 88 93 94 90 96 0
4 0 52 53 12 13 14 15 17 25 20 22 18 16 23 19 21 24 26 27 28 29 30 31 0
Details of initial solution:
Target function value = 226.958735246237
Total travel time = 1083.18735246237
Total penalty = 8
Total vehicle cost = 2888
Details of best solution:
Target function value = 166.375353674499
Total travel time = 797.353536744985
Total penalty = 0
Total vehicle cost = 2888
