Initial Solution:
4
1 0 1 2 3 4 5 6 7 8 9 10 11 12 13 14 15 16 17 18 19 20 21 22 23 24 25 26 27 28 29 30 31 0
4 0 32 33 34 35 36 37 38 39 40 41 42 43 44 45 46 47 48 49 50 51 52 53 54 55 56 57 58 59 60 61 0
10 0 62 63 64 65 66 67 68 69 70 71 72 73 74 75 76 77 78 79 80 81 82 83 84 85 86 87 88 89 90 91 92 93 0
8 0 94 95 96 97 98 99 0
Best solution:
4
4 0 58 59 43 44 40 2 3 8 11 9 10 12 14 15 4 17 25 20 22 18 16 23 19 21 24 26 27 28 29 30 31 0
10 0 35 33 32 34 36 41 37 38 45 42 39 49 52 53 46 51 70 65 69 62 74 64 78 82 95 83 79 85 99 0
2 0 55 54 60 50 56 72 71 68 76 66 67 75 57 48 47 1 6 7 13 5 61 0
8 0 86 97 98 77 94 96 84 91 73 63 87 80 81 92 88 89 90 93 0
Details of initial solution:
Target function value = 220.241658939627
Total travel time = 1094.71658939627
Total penalty = 7
Total vehicle cost = 2759
Details of best solution:
Target function value = 156.988167329332
Total travel time = 806.381673293319
Total penalty = 0
Total vehicle cost = 2545
