Initial Solution:
4
9 0 1 2 3 4 5 6 7 8 9 10 11 12 13 14 15 16 17 18 19 20 21 22 23 24 25 26 27 28 29 30 31 0
4 0 32 33 34 35 36 37 38 39 40 41 42 43 44 45 46 47 48 49 50 51 52 53 54 55 56 57 58 59 60 61 0
2 0 62 63 64 65 66 67 68 69 70 71 72 73 74 75 76 77 78 79 80 81 82 83 84 85 0
8 0 86 87 88 89 90 91 92 93 94 95 96 97 98 99 0
Best solution:
4
7 0 90 18 3 4 28 29 7 8 9 67 21 32 33 68 79 62 40 54 55 56 57 49 38 23 61 0
4 0 12 20 34 80 94 95 50 60 53 41 10 11 22 39 63 44 48 58 59 51 52 24 73 16 17 5 6 30 31 0
2 0 35 36 47 45 66 42 43 64 70 71 14 15 74 75 76 77 78 69 65 46 82 83 84 85 0
8 0 26 27 88 89 1 2 19 13 72 25 86 87 91 92 93 81 37 96 97 98 99 0
Details of initial solution:
Target function value = 1111.66710523096
Total travel time = 5821.6710523096
Total penalty = 71
Total vehicle cost = 2455
Details of best solution:
Target function value = 608.024892656279
Total travel time = 2684.24892656279
Total penalty = 27
Total vehicle cost = 2316
