Initial Solution:
4
9 0 1 2 3 4 5 6 7 8 9 10 11 12 13 14 15 16 17 18 19 20 21 22 23 24 25 26 27 28 29 30 31 32 0
4 0 33 34 35 36 37 38 39 40 41 42 43 44 45 46 47 48 49 50 51 52 53 54 55 56 57 58 59 60 61 62 63 64 0
2 0 65 66 67 68 69 70 71 72 73 74 75 76 77 78 79 80 81 82 83 84 85 86 87 88 89 90 91 92 93 94 0
8 0 95 96 97 98 99 0
Best solution:
4
5 0 13 17 2 33 39 9 86 7 25 72 11 19 63 22 23 5 74 15 28 29 67 4 21 32 0
10 0 50 84 20 80 34 58 55 24 42 43 66 54 40 45 57 59 62 64 0
11 0 65 44 41 18 27 53 35 46 69 78 60 12 31 26 90 30 61 82 76 48 10 3 88 16 89 94 0
8 0 95 85 14 47 38 36 56 51 52 70 71 79 73 77 68 81 87 37 96 91 8 49 1 92 97 98 93 6 75 83 99 0
Details of initial solution:
Target function value = 922.176888764469
Total travel time = 5895.76888764469
Total penalty = 62
Total vehicle cost = 2820
Details of best solution:
Target function value = 207.508561459908
Total travel time = 1348.78561459908
Total penalty = 0
Total vehicle cost = 2421
