Initial Solution:
4
10 0 1 2 3 4 5 6 7 8 9 10 11 12 13 14 15 16 17 18 19 20 21 22 23 24 25 26 27 28 29 30 31 32 0
2 0 33 34 35 36 37 38 39 40 41 42 43 44 45 46 47 48 49 50 51 52 53 54 55 56 57 58 59 60 61 62 63 0
1 0 64 65 66 67 68 69 70 71 72 73 74 75 76 77 78 79 80 81 82 83 84 85 86 87 88 89 90 91 92 93 0
7 0 94 95 96 97 98 99 0
Best solution:
4
10 0 3 5 9 6 1 7 8 2 10 11 12 4 13 14 15 19 16 17 22 21 18 20 23 24 25 26 34 33 29 27 37 32 0
4 0 35 36 38 28 30 31 45 43 40 41 50 46 42 39 44 48 49 47 51 52 54 53 56 57 58 59 55 65 68 64 63 0
6 0 60 69 61 62 71 66 67 70 75 80 77 82 72 78 73 76 81 74 79 83 93 0
7 0 94 86 89 87 85 91 88 90 92 84 96 97 95 98 99 0
Details of initial solution:
Target function value = 180.634093082459
Total travel time = 944.440930824595
Total penalty = 0
Total vehicle cost = 2873
Details of best solution:
Target function value = 147.9570215088
Total travel time = 682.770215088003
Total penalty = 0
Total vehicle cost = 2656
