Initial Solution:
5
1 0 1 2 3 4 5 6 7 8 9 10 11 12 13 14 15 16 17 18 19 20 21 22 23 24 25 26 27 28 29 30 0
4 0 31 32 33 34 35 36 37 38 39 40 41 42 43 44 45 46 47 48 49 50 51 52 53 54 55 56 0
10 0 57 58 59 60 61 62 63 64 65 66 67 68 69 70 71 72 73 74 75 76 77 78 79 80 81 0
8 0 82 83 84 85 86 87 88 89 90 91 92 93 94 95 96 97 98 0
3 0 99 0
Best solution:
5
1 0 4 5 1 2 3 93 94 75 9 10 11 12 13 14 15 33 37 38 53 54 21 84 85 82 83 22 27 68 69 30 0
4 0 31 90 91 17 52 36 34 25 26 23 73 74 43 44 45 46 47 48 49 50 7 8 76 20 55 56 0
10 0 57 58 59 95 96 97 63 64 65 66 67 28 42 60 92 6 41 51 18 39 40 86 79 80 81 0
8 0 24 35 19 77 78 87 88 89 32 16 61 72 29 70 71 62 98 0
3 0 99 0
Details of initial solution:
Target function value = 888.440863242712
Total travel time = 4923.40863242712
Total penalty = 33
Total vehicle cost = 2641
Details of best solution:
Target function value = 570.994694858104
Total travel time = 2988.94694858104
Total penalty = 2
Total vehicle cost = 2641
