Initial Solution:
4
10 0 1 2 3 4 5 6 7 8 9 10 11 12 13 14 15 16 17 18 19 20 21 22 23 24 25 26 27 28 29 30 31 0
2 0 32 33 34 35 36 37 38 39 40 41 42 43 44 45 46 47 48 49 50 51 52 53 54 55 56 57 58 59 60 61 0
1 0 62 63 64 65 66 67 68 69 70 71 72 73 74 75 76 77 78 79 80 81 82 83 84 85 86 87 88 89 90 91 92 93 94 95 96 0
7 0 97 98 99 0
Best solution:
4
3 0 81 75 60 10 22 36 65 68 83 76 19 64 93 50 80 41 35 73 74 67 40 71 99 0
6 0 88 14 18 13 11 20 57 87 79 56 32 1 77 7 8 2 85 86 3 37 23 42 4 51 66 96 0
5 0 25 97 62 63 84 9 12 24 48 55 33 82 59 53 89 39 52 5 38 27 72 46 30 44 61 0
7 0 69 92 49 98 47 6 26 16 15 58 78 17 54 28 91 29 45 95 90 70 94 34 21 43 31 0
Details of initial solution:
Target function value = 938.72930939802
Total travel time = 5565.3930939802
Total penalty = 74
Total vehicle cost = 2873
Details of best solution:
Target function value = 344.686958741223
Total travel time = 1924.46958741223
Total penalty = 20
Total vehicle cost = 2408
