Initial Solution:
4
10 0 1 2 3 4 5 6 7 8 9 10 11 12 13 14 15 16 17 18 19 20 21 22 23 24 25 26 27 28 29 30 31 32 0
2 0 33 34 35 36 37 38 39 40 41 42 43 44 45 46 47 48 49 50 51 52 53 54 55 56 57 58 59 60 61 62 63 0
1 0 64 65 66 67 68 69 70 71 72 73 74 75 76 77 78 79 80 81 82 83 84 85 86 87 88 89 90 91 92 93 0
7 0 94 95 96 97 98 99 0
Best solution:
4
6 0 35 27 28 38 45 46 4 8 2 3 5 9 6 1 10 11 49 40 29 33 34 37 32 0
3 0 30 31 7 12 42 50 39 41 48 44 47 43 54 56 53 57 58 68 69 71 66 67 70 72 74 94 73 63 0
5 0 64 65 61 62 97 98 75 77 82 78 79 81 80 76 83 84 85 86 89 87 92 91 88 90 93 0
7 0 60 18 13 14 19 15 16 17 25 24 23 20 21 22 26 36 52 51 55 59 95 96 99 0
Details of initial solution:
Target function value = 404.634093082459
Total travel time = 944.440930824595
Total penalty = 56
Total vehicle cost = 2873
Details of best solution:
Target function value = 221.753044651885
Total travel time = 975.130446518847
Total penalty = 13
Total vehicle cost = 2408
