Initial Solution:
4
1 0 1 2 3 4 5 6 7 8 9 10 11 12 13 14 15 16 17 18 19 20 21 22 23 24 25 26 27 28 29 0
2 0 30 31 32 33 34 35 36 37 38 39 40 41 42 43 44 45 46 47 48 49 50 51 52 53 54 55 56 57 58 59 0
3 0 60 61 62 63 64 65 66 67 68 69 70 71 72 73 74 75 76 77 78 79 80 81 82 83 84 85 86 87 88 89 90 91 92 0
4 0 93 94 95 96 97 98 99 0
Best solution:
4
1 0 1 20 57 64 42 67 79 40 93 71 87 50 73 35 41 54 78 28 33 19 48 14 55 17 90 95 26 49 81 83 92 0
2 0 88 5 27 72 63 84 52 39 89 60 10 53 59 0
3 0 31 76 69 12 24 9 25 96 38 97 66 2 7 44 13 8 46 62 30 77 51 82 4 37 23 3 11 18 86 61 85 99 0
4 0 56 32 74 80 43 21 34 58 94 47 15 16 70 98 91 6 45 68 75 65 22 36 29 0
Details of initial solution:
Target function value = 813.083395027776
Total travel time = 5510.43395027776
Total penalty = 44
Total vehicle cost = 2868
Details of best solution:
Target function value = 212.365786654237
Total travel time = 1263.25786654237
Total penalty = 0
Total vehicle cost = 2868
