Initial Solution:
4
9 0 1 2 3 4 5 6 7 8 9 10 11 12 13 14 15 16 17 18 19 20 21 22 23 24 25 26 27 28 29 30 31 32 0
4 0 33 34 35 36 37 38 39 40 41 42 43 44 45 46 47 48 49 50 51 52 53 54 55 56 57 58 59 60 61 62 63 64 0
2 0 65 66 67 68 69 70 71 72 73 74 75 76 77 78 79 80 81 82 83 84 85 86 87 88 89 90 91 92 93 94 0
8 0 95 96 97 98 99 0
Best solution:
4
10 0 1 16 17 4 5 6 34 80 75 76 72 48 86 87 28 29 9 19 32 0
4 0 33 22 23 39 37 38 24 68 73 74 81 82 67 25 79 70 71 77 85 83 84 78 26 27 88 89 90 91 92 93 94 0
5 0 65 44 50 60 61 46 69 53 41 35 30 31 20 12 13 14 96 97 98 99 0
8 0 95 15 2 3 18 10 11 21 7 8 36 40 47 42 43 66 49 56 57 45 54 55 58 59 51 52 62 63 64 0
Details of initial solution:
Target function value = 1063.57688876447
Total travel time = 5895.76888764469
Total penalty = 48
Total vehicle cost = 2820
Details of best solution:
Target function value = 545.628737521992
Total travel time = 2910.28737521992
Total penalty = 0
Total vehicle cost = 2546
