N=100, M=11, random seed=17, case type=24 (locations: random, time windows: wide, vehicle capacities: totally random)

Vehicle
Number			Capacities
11			649 663 386 588 165 75 598 497 489 708 445 



1 60 80 30 203 955 90
2 18 88 15 92 903 90
3 52 97 15 148 866 90
4 54 81 30 189 892 90
5 31 31 30 133 903 90
6 64 0 30 231 949 90
7 13 89 15 39 777 90
8 1 86 30 131 936 90
9 36 46 30 203 996 90
10 22 24 30 179 967 90
11 46 93 15 246 974 90
12 41 57 15 43 853 90
13 11 96 15 18 738 90
14 61 55 15 17 713 90
15 84 19 30 64 868 90
16 76 12 30 97 845 90
17 80 46 15 90 888 90
18 38 97 30 10 733 90
19 59 58 30 129 857 90
20 67 82 15 19 743 90
21 86 30 30 244 977 90
22 30 7 30 116 843 90
23 60 90 30 145 854 90
24 38 53 15 30 815 90
25 28 52 15 196 950 90
26 63 17 30 79 890 90
27 10 60 15 20 725 90
28 82 41 30 150 906 90
29 38 8 30 159 950 90
30 18 81 30 50 766 90
31 55 43 15 17 761 90
32 83 74 15 77 851 90
33 71 53 15 257 956 90
34 98 15 15 188 991 90
35 98 42 30 186 980 90
36 34 9 15 100 831 90
37 61 96 15 167 941 90
38 27 57 15 103 850 90
39 8 3 30 133 894 90
40 95 92 30 232 927 90
41 92 42 15 257 980 90
42 74 82 15 34 786 90
43 89 44 30 19 748 90
44 8 92 30 232 950 90
45 54 11 15 135 933 90
46 12 83 30 160 873 90
47 84 4 30 31 750 90
48 50 57 30 70 834 90
49 57 28 30 277 992 90
50 92 75 30 86 815 90
51 36 75 30 199 957 90
52 12 5 30 175 897 90
53 12 24 30 159 902 90
54 83 44 30 89 866 90
55 66 52 15 34 795 90
56 77 72 15 86 777 90
57 77 95 15 104 879 90
58 90 11 30 105 903 90
59 1 41 30 136 891 90
60 23 17 30 5 694 90
61 24 97 30 25 788 90
62 7 72 15 58 754 90
63 2 42 15 178 953 90
64 70 99 30 172 875 90
65 38 0 30 53 756 90
66 33 84 15 177 888 90
67 81 79 30 210 925 90
68 39 14 30 132 843 90
69 50 46 30 207 975 90
70 73 10 30 160 933 90
71 88 89 15 227 958 90
72 6 58 15 212 928 90
73 95 58 30 215 982 90
74 86 75 15 163 956 90
75 40 7 30 26 741 90
76 60 51 15 144 925 90
77 28 68 30 61 868 90
78 80 41 15 104 879 90
79 97 85 30 19 801 90
80 90 57 15 130 932 90
81 52 28 15 35 784 90
82 42 82 15 114 836 90
83 52 31 15 80 885 90
84 12 37 15 295 990 90
85 24 95 15 121 842 90
86 26 99 15 133 929 90
87 83 90 30 61 856 90
88 53 45 15 175 946 90
89 6 7 15 64 860 90
90 69 9 30 190 946 90
91 65 5 15 65 869 90
92 54 33 15 8 740 90
93 97 97 15 138 878 90
94 86 8 15 208 976 90
95 67 15 15 223 914 90
96 32 55 15 127 901 90
97 33 70 30 6 813 90
98 75 7 30 58 771 90
99 30 98 30 198 956 90
0 57 43 10 0 1000 0
