Initial Solution:
4
1 0 1 2 3 4 5 6 7 8 9 10 11 12 13 14 15 16 17 18 19 20 21 22 23 24 25 26 27 28 29 30 31 32 33 0
4 0 34 35 36 37 38 39 40 41 42 43 44 45 46 47 48 49 50 51 52 53 54 55 56 57 58 59 60 61 62 0
10 0 63 64 65 66 67 68 69 70 71 72 73 74 75 76 77 78 79 80 81 82 83 84 85 86 87 88 89 90 91 92 0
8 0 93 94 95 96 97 98 99 0
Best solution:
4
1 0 1 2 3 89 90 91 7 56 57 58 11 12 82 83 22 77 78 18 36 97 52 86 87 55 8 9 10 46 47 48 62 0
9 0 94 95 96 37 38 39 40 73 74 43 44 45 59 70 71 49 50 51 98 99 0
10 0 63 27 19 20 67 68 69 60 61 72 41 29 21 84 16 17 79 80 81 13 14 15 85 53 54 88 4 5 6 92 0
8 0 93 34 35 28 76 23 24 42 75 25 26 64 65 66 30 31 32 33 0
Details of initial solution:
Target function value = 1047.94189762765
Total travel time = 4760.4189762765
Total penalty = 74
Total vehicle cost = 2759
Details of best solution:
Target function value = 724.602031797036
Total travel time = 3152.02031797036
Total penalty = 38
Total vehicle cost = 2574
