N=100, M=11, random seed=17, case type=1 (locations: clustered, time windows: narrow, vehicle capacities: equal)

Vehicle
Number			Capacities
11			717 717 717 717 717 717 717 717 717 717 717 



1 40 1 15 614 866 90
2 36 1 15 336 647 90
3 39 3 30 412 630 90
4 34 1 15 509 712 90
5 42 0 30 422 692 90
6 40 1 15 642 860 90
7 39 3 30 114 352 90
8 35 3 15 468 773 90
9 41 0 30 696 989 90
10 33 2 15 603 891 90
11 32 1 30 698 926 90
12 33 1 15 159 469 90
13 96 13 15 52 272 90
14 94 15 30 46 242 90
15 95 10 30 227 531 90
16 95 7 30 290 538 90
17 92 7 30 313 611 90
18 88 11 30 30 253 90
19 95 10 30 368 596 90
20 89 11 30 55 279 90
21 88 10 30 702 935 90
22 90 8 15 329 556 90
23 91 13 30 395 604 90
24 92 14 15 101 386 90
25 93 12 15 597 851 90
26 60 14 30 288 599 90
27 56 17 15 55 260 90
28 53 13 30 460 716 90
29 56 15 30 541 832 90
30 51 13 15 138 354 90
31 51 16 15 52 296 90
32 58 18 15 247 521 90
33 56 16 15 685 884 90
34 58 16 15 667 970 90
35 55 19 30 639 933 90
36 54 16 30 287 518 90
37 57 19 30 537 811 90
38 53 15 30 308 555 90
39 5 3 15 412 673 90
40 9 4 30 613 808 90
41 6 3 15 723 946 90
42 4 2 30 105 357 90
43 9 5 30 55 284 90
44 6 3 15 643 861 90
45 10 6 15 470 768 90
46 1 0 30 440 653 90
47 10 4 15 88 307 90
48 6 3 15 220 484 90
49 7 3 30 764 979 90
50 4 1 15 245 474 90
51 42 32 30 612 870 90
52 43 31 30 489 711 90
53 50 35 15 470 713 90
54 44 30 15 290 567 90
55 41 34 30 105 366 90
56 48 32 15 225 416 90
57 44 32 30 336 611 90
58 42 34 15 367 665 90
59 41 34 30 414 669 90
60 49 38 30 13 202 90
61 34 38 30 77 340 90
62 35 39 30 153 349 90
63 37 39 15 574 849 90
64 40 40 15 463 666 90
65 36 36 15 142 345 90
66 37 41 30 485 696 90
67 40 43 30 579 794 90
68 36 36 30 360 571 90
69 33 38 15 653 921 90
70 37 44 30 515 788 90
71 35 41 15 649 880 90
72 37 58 15 587 803 90
73 38 61 30 677 944 90
74 37 62 30 557 850 90
75 37 52 15 72 287 90
76 39 62 15 475 756 90
77 40 55 15 222 529 90
78 38 61 15 337 612 90
79 37 64 30 63 345 90
80 37 54 15 458 760 90
81 39 62 15 107 356 90
82 40 59 15 320 542 90
83 33 69 30 287 592 90
84 27 67 30 779 974 90
85 31 72 30 340 561 90
86 30 76 30 459 755 90
87 27 76 30 212 507 90
88 30 69 30 558 829 90
89 29 77 30 221 517 90
90 28 69 15 579 835 90
91 29 70 15 232 536 90
92 26 70 30 24 256 90
93 33 73 30 403 643 90
94 34 75 30 658 926 90
95 13 57 30 586 777 90
96 16 55 15 408 682 90
97 14 54 15 23 330 90
98 14 60 15 161 374 90
99 11 61 30 608 866 90
0 57 43 10 0 1000 0
