Initial Solution:
4
10 0 1 2 3 4 5 6 7 8 9 10 11 12 13 14 15 16 17 18 19 20 21 22 23 24 25 26 27 28 29 30 31 32 0
3 0 33 34 35 36 37 38 39 40 41 42 43 44 45 46 47 48 49 50 51 52 53 54 55 56 57 58 59 60 61 62 63 0
5 0 64 65 66 67 68 69 70 71 72 73 74 75 76 77 78 79 80 81 82 83 84 85 86 87 88 89 90 91 92 93 94 95 96 97 0
7 0 98 99 0
Best solution:
4
10 0 1 2 6 7 8 3 4 5 9 10 11 12 13 14 15 16 92 52 34 61 62 71 72 24 59 60 35 28 29 30 31 32 0
4 0 33 26 27 36 21 22 23 73 91 80 81 82 94 95 96 97 0
11 0 64 65 66 67 68 69 70 38 48 90 74 75 76 77 78 79 42 51 93 83 84 85 99 0
7 0 98 86 87 88 89 49 50 43 44 45 46 47 39 40 41 55 56 53 54 17 18 19 58 25 57 20 37 63 0
Details of initial solution:
Target function value = 929.573737909296
Total travel time = 3690.73737909296
Total penalty = 68
Total vehicle cost = 2885
Details of best solution:
Target function value = 666.888151017827
Total travel time = 2581.88151017827
Total penalty = 39
Total vehicle cost = 2527
