Initial Solution:
4
2 0 1 2 3 4 5 6 7 8 9 10 11 12 13 14 15 16 17 18 19 20 21 22 23 24 25 26 27 28 29 30 31 32 33 0
10 0 34 35 36 37 38 39 40 41 42 43 44 45 46 47 48 49 50 51 52 53 54 55 56 57 58 59 60 61 62 63 0
4 0 64 65 66 67 68 69 70 71 72 73 74 75 76 77 78 79 80 81 82 83 84 85 86 87 88 89 90 0
9 0 91 92 93 94 95 96 97 98 99 0
Best solution:
4
2 0 9 2 5 1 10 3 4 11 6 12 7 8 16 13 14 20 18 15 17 22 23 26 19 21 27 28 29 32 30 25 24 31 33 0
10 0 51 52 53 50 39 49 70 74 71 96 67 72 97 98 73 77 78 76 91 92 79 80 86 93 85 81 87 68 69 83 99 0
4 0 57 38 34 40 35 66 45 46 48 47 41 42 61 65 36 44 60 43 37 58 54 55 59 56 64 62 63 0
9 0 82 84 89 94 95 88 75 90 0
Details of initial solution:
Target function value = 249.40826450591
Total travel time = 1684.3826450591
Total penalty = 0
Total vehicle cost = 2699
Details of best solution:
Target function value = 171.904213884205
Total travel time = 909.342138842051
Total penalty = 0
Total vehicle cost = 2699
