Initial Solution:
4
1 0 1 2 3 4 5 6 7 8 9 10 11 12 13 14 15 16 17 18 19 20 21 22 23 24 25 26 27 28 29 30 31 32 33 0
4 0 34 35 36 37 38 39 40 41 42 43 44 45 46 47 48 49 50 51 52 53 54 55 56 57 58 59 60 61 62 0
10 0 63 64 65 66 67 68 69 70 71 72 73 74 75 76 77 78 79 80 81 82 83 84 85 86 87 88 89 90 91 92 0
8 0 93 94 95 96 97 98 99 0
Best solution:
4
1 0 1 66 31 4 5 22 35 8 76 77 78 12 13 14 68 69 60 42 19 20 97 86 73 74 25 39 40 36 55 30 67 15 33 0
9 0 34 52 23 24 63 64 65 11 79 80 81 82 27 28 29 53 54 84 88 83 85 92 0
7 0 75 9 10 2 3 32 16 41 61 72 87 37 38 26 7 17 91 56 57 58 59 70 71 62 0
8 0 93 94 95 96 21 6 89 90 18 43 44 45 46 47 48 49 50 51 98 99 0
Details of initial solution:
Target function value = 979.94189762765
Total travel time = 4760.4189762765
Total penalty = 57
Total vehicle cost = 2759
Details of best solution:
Target function value = 545.853606744505
Total travel time = 2576.53606744505
Total penalty = 11
Total vehicle cost = 2442
