N=100, M=11, random seed=17, case type=13 (locations: clustered, time windows: moderate, vehicle capacities: moderately random)

Vehicle
Number			Capacities
11			717 721 629 696 555 525 699 666 663 736 648 



1 40 1 15 409 911 90
2 36 1 15 214 775 90
3 39 3 30 280 748 90
4 34 1 15 349 802 90
5 42 0 30 278 798 90
6 40 1 15 437 905 90
7 39 3 30 76 564 90
8 35 3 15 300 855 90
9 41 0 30 450 993 90
10 33 2 15 391 929 90
11 32 1 30 472 950 90
12 33 1 15 101 661 90
13 96 13 15 35 505 90
14 94 15 30 32 478 90
15 95 10 30 145 699 90
16 95 7 30 194 692 90
17 92 7 30 201 749 90
18 88 11 30 20 493 90
19 95 10 30 249 727 90
20 89 11 30 37 511 90
21 88 10 30 473 956 90
22 90 8 15 223 700 90
23 91 13 30 270 729 90
24 92 14 15 65 600 90
25 93 12 15 397 901 90
26 60 14 30 183 744 90
27 56 17 15 37 492 90
28 53 13 30 305 811 90
29 56 15 30 350 891 90
30 51 13 15 94 560 90
31 51 16 15 35 529 90
32 58 18 15 162 686 90
33 56 16 15 471 920 90
34 58 16 15 428 981 90
35 55 19 30 412 956 90
36 54 16 30 194 675 90
37 57 19 30 352 876 90
38 53 15 30 206 703 90
39 5 3 15 272 783 90
40 9 4 30 422 867 90
41 6 3 15 490 963 90
42 4 2 30 70 572 90
43 9 5 30 37 516 90
44 6 3 15 438 906 90
45 10 6 15 302 850 90
46 1 0 30 300 763 90
47 10 4 15 60 529 90
48 6 3 15 145 659 90
49 7 3 30 521 986 90
50 4 1 15 165 644 90
51 42 32 30 406 914 90
52 43 31 30 332 804 90
53 50 35 15 315 808 90
54 44 30 15 189 716 90
55 41 34 30 69 580 90
56 48 32 15 155 596 90
57 44 32 30 220 745 90
58 42 34 15 236 784 90
59 41 34 30 275 780 90
60 49 38 30 9 448 90
61 34 38 30 51 564 90
62 35 39 30 106 552 90
63 37 39 15 376 901 90
64 40 40 15 317 770 90
65 36 36 15 97 550 90
66 37 41 30 331 792 90
67 40 43 30 395 860 90
68 36 36 30 246 707 90
69 33 38 15 430 948 90
70 37 44 30 338 861 90
71 35 41 15 438 919 90
72 37 58 15 400 866 90
73 38 61 30 446 963 90
74 37 62 30 360 903 90
75 37 52 15 49 514 90
76 39 62 15 310 841 90
77 40 55 15 142 699 90
78 38 61 15 221 746 90
79 37 64 30 41 573 90
80 37 54 15 294 846 90
81 39 62 15 71 570 90
82 40 59 15 217 689 90
83 33 69 30 183 738 90
84 27 67 30 537 982 90
85 31 72 30 230 701 90
86 30 76 30 296 842 90
87 27 76 30 137 682 90
88 30 69 30 366 887 90
89 29 77 30 143 689 90
90 28 69 15 384 890 90
91 29 70 15 149 703 90
92 26 70 30 16 498 90
93 33 73 30 270 760 90
94 34 75 30 433 951 90
95 13 57 30 405 846 90
96 16 55 15 267 791 90
97 14 54 15 15 572 90
98 14 60 15 110 573 90
99 11 61 30 403 911 90
0 57 43 10 0 1000 0
