Initial Solution:
4
1 0 1 2 3 4 5 6 7 8 9 10 11 12 13 14 15 16 17 18 19 20 21 22 23 24 25 26 0
2 0 27 28 29 30 31 32 33 34 35 36 37 38 39 40 41 42 43 44 45 46 47 48 49 50 51 52 53 54 0
3 0 55 56 57 58 59 60 61 62 63 64 65 66 67 68 69 70 71 72 73 74 75 76 77 78 79 80 81 82 0
4 0 83 84 85 86 87 88 89 90 91 92 93 94 95 96 97 98 99 0
Best solution:
4
1 0 40 41 44 39 63 84 8 85 66 86 87 90 91 88 74 78 81 48 83 93 94 3 37 20 54 0
2 0 27 32 34 29 45 30 31 9 1 7 2 43 11 12 4 5 47 49 50 46 89 96 97 95 98 99 0
3 0 61 62 65 59 55 52 56 60 33 28 6 38 10 68 69 71 75 80 24 72 51 57 79 35 25 26 0
4 0 92 14 76 67 42 73 13 19 15 23 58 22 17 21 18 16 70 36 53 64 77 82 0
Details of initial solution:
Target function value = 589.114331467704
Total travel time = 3696.34331467704
Total penalty = 36
Total vehicle cost = 2516
Details of best solution:
Target function value = 219.806619697676
Total travel time = 1403.26619697676
Total penalty = 1
Total vehicle cost = 2516
