Initial Solution:
4
1 0 1 2 3 4 5 6 7 8 9 10 11 12 13 14 15 16 17 18 19 20 21 22 23 24 25 26 27 28 29 30 0
2 0 31 32 33 34 35 36 37 38 39 40 41 42 43 44 45 46 47 48 49 50 51 52 53 54 55 56 57 58 59 60 61 0
3 0 62 63 64 65 66 67 68 69 70 71 72 73 74 75 76 77 78 79 80 81 82 83 84 85 86 87 88 89 90 91 92 0
4 0 93 94 95 96 97 98 99 0
Best solution:
4
1 0 3 5 9 6 1 7 8 2 10 11 12 4 13 14 15 19 16 17 22 21 18 20 23 24 25 26 29 27 28 30 0
2 0 31 33 34 32 37 35 36 38 45 43 40 44 41 50 46 42 39 48 49 47 51 52 54 57 60 53 56 58 59 55 61 0
3 0 64 63 65 68 62 69 71 66 67 70 75 80 77 82 72 78 73 76 81 74 79 83 88 90 84 96 97 95 98 99 0
4 0 93 94 86 89 87 85 91 92 0
Details of initial solution:
Target function value = 181.719258159619
Total travel time = 956.792581596188
Total penalty = 0
Total vehicle cost = 2868
Details of best solution:
Target function value = 156.68697572939
Total travel time = 706.469757293905
Total penalty = 0
Total vehicle cost = 2868
