Initial Solution:
5
1 0 1 2 3 4 5 6 7 8 9 10 11 12 13 14 15 16 17 18 19 20 21 22 23 24 25 26 0
2 0 27 28 29 30 31 32 33 34 35 36 37 38 39 40 41 42 43 44 45 0
3 0 46 47 48 49 50 51 52 53 54 55 56 57 58 59 60 61 62 63 64 65 66 67 68 0
4 0 69 70 71 72 73 74 75 76 77 78 79 80 81 82 83 84 85 86 87 88 89 0
5 0 90 91 92 93 94 95 96 97 98 99 0
Best solution:
5
1 0 9 2 5 20 14 1 10 3 18 17 15 33 80 94 95 82 84 89 0
2 0 6 19 21 11 25 30 32 12 7 8 16 24 29 27 28 4 13 31 23 22 26 0
3 0 97 72 70 51 39 49 50 56 52 53 57 41 42 60 59 62 63 64 61 65 67 68 0
4 0 69 73 98 77 79 74 71 36 47 48 46 35 54 40 58 37 34 43 55 66 38 44 45 0
5 0 88 90 75 93 78 76 96 91 92 87 81 85 86 83 99 0
Details of initial solution:
Target function value = 273.469099531154
Total travel time = 1754.69099531154
Total penalty = 5
Total vehicle cost = 2600
Details of best solution:
Target function value = 160.590120495374
Total travel time = 825.901204953738
Total penalty = 0
Total vehicle cost = 2600
