N=100, M=11, random seed=19, case type=16 (locations: clustered, time windows: wide, vehicle capacities: moderately random)

Vehicle
Number			Capacities
11			722 508 622 710 611 552 556 639 525 688 612 



1 36 5 15 33 782 90
2 42 7 15 66 788 90
3 44 5 30 125 830 90
4 43 3 15 205 959 90
5 30 0 30 260 960 90
6 37 4 30 132 938 90
7 40 1 15 225 966 90
8 44 1 15 148 897 90
9 38 2 15 122 862 90
10 36 3 30 145 923 90
11 40 2 15 170 886 90
12 33 3 15 17 784 90
13 33 1 30 121 880 90
14 34 0 30 114 879 90
15 39 0 15 113 832 90
16 66 13 15 13 722 90
17 65 8 30 102 841 90
18 67 14 15 106 806 90
19 64 12 15 94 895 90
20 69 10 30 108 846 90
21 57 10 30 28 800 90
22 69 9 30 182 899 90
23 65 15 30 58 820 90
24 54 7 30 17 711 90
25 65 10 30 38 785 90
26 59 8 30 133 875 90
27 61 7 30 10 808 90
28 60 9 30 198 976 90
29 64 17 15 51 800 90
30 60 15 15 145 915 90
31 61 16 30 11 798 90
32 44 22 30 168 927 90
33 45 23 30 207 980 90
34 43 16 30 10 731 90
35 45 23 15 31 814 90
36 42 17 15 217 988 90
37 39 17 15 96 791 90
38 38 18 15 19 827 90
39 45 24 15 264 997 90
40 35 14 30 83 829 90
41 40 17 15 146 889 90
42 45 21 30 33 721 90
43 34 16 15 126 934 90
44 36 17 15 106 813 90
45 39 19 30 47 816 90
46 31 23 15 146 940 90
47 27 22 30 164 952 90
48 28 25 30 148 912 90
49 38 28 30 131 886 90
50 30 29 30 133 939 90
51 23 22 30 3 812 90
52 36 26 15 92 815 90
53 32 23 30 123 869 90
54 35 29 30 147 891 90
55 38 29 30 190 887 90
56 28 27 15 124 877 90
57 25 22 30 74 852 90
58 28 27 15 66 776 90
59 31 29 15 145 838 90
60 35 28 30 6 784 90
61 13 22 15 197 979 90
62 14 21 30 150 884 90
63 8 13 15 267 990 90
64 13 22 30 83 788 90
65 17 23 15 77 852 90
66 14 19 15 201 958 90
67 12 18 15 241 933 90
68 15 21 30 115 846 90
69 14 21 15 185 908 90
70 18 23 30 112 878 90
71 14 23 15 165 878 90
72 17 23 15 8 731 90
73 10 15 15 80 852 90
74 13 21 15 90 899 90
75 16 20 15 92 853 90
76 14 20 30 16 776 90
77 7 24 30 197 984 90
78 9 23 15 13 816 90
79 10 27 30 167 934 90
80 5 12 15 155 849 90
81 5 14 15 45 776 90
82 10 26 30 149 945 90
83 11 27 15 212 908 90
84 5 18 15 240 986 90
85 8 25 30 143 953 90
86 10 28 30 73 877 90
87 5 12 30 51 843 90
88 4 15 30 38 828 90
89 9 22 15 81 846 90
90 5 21 15 189 986 90
91 7 16 15 126 935 90
92 4 14 15 71 844 90
93 6 20 15 107 889 90
94 6 21 30 34 724 90
95 11 27 15 58 851 90
96 7 21 30 122 907 90
97 9 27 30 28 793 90
98 8 26 30 10 714 90
99 8 23 30 123 898 90
0 61 61 10 0 1000 0
