Initial Solution:
4
1 0 1 2 3 4 5 6 7 8 9 10 11 12 13 14 15 16 17 18 19 20 21 22 23 24 25 26 27 28 29 30 31 0
4 0 32 33 34 35 36 37 38 39 40 41 42 43 44 45 46 47 48 49 50 51 52 53 54 55 56 57 58 59 60 61 0
10 0 62 63 64 65 66 67 68 69 70 71 72 73 74 75 76 77 78 79 80 81 82 83 84 85 86 87 88 89 90 91 92 93 0
8 0 94 95 96 97 98 99 0
Best solution:
4
1 0 1 2 3 4 8 9 10 12 13 5 14 6 15 7 11 17 25 20 22 18 16 23 19 21 24 26 27 28 29 30 31 0
9 0 39 35 33 32 42 34 36 41 37 38 45 44 40 43 53 46 47 70 72 65 71 64 61 0
2 0 55 49 52 60 54 59 50 56 58 48 57 51 75 68 66 76 62 69 74 93 0
8 0 89 90 84 91 88 81 92 87 80 63 73 67 94 96 77 78 82 79 95 83 86 97 98 85 99 0
Details of initial solution:
Target function value = 192.241658939627
Total travel time = 1094.71658939627
Total penalty = 0
Total vehicle cost = 2759
Details of best solution:
Target function value = 144.091255902944
Total travel time = 722.712559029441
Total penalty = 0
Total vehicle cost = 2394
