Initial Solution:
4
10 0 1 2 3 4 5 6 7 8 9 10 11 12 13 14 15 16 17 18 19 20 21 22 23 24 25 26 27 28 29 30 31 32 0
3 0 33 34 35 36 37 38 39 40 41 42 43 44 45 46 47 48 49 50 51 52 53 54 55 56 57 58 59 60 61 62 63 0
5 0 64 65 66 67 68 69 70 71 72 73 74 75 76 77 78 79 80 81 82 83 84 85 86 87 88 89 90 91 92 93 94 95 96 97 0
7 0 98 99 0
Best solution:
4
2 0 1 2 11 12 4 7 5 9 45 30 38 31 36 27 29 34 26 16 6 32 0
11 0 53 54 35 13 25 17 58 18 21 70 22 19 15 23 28 76 60 92 56 52 68 69 63 0
4 0 64 55 59 65 61 62 71 75 24 72 90 91 93 94 51 66 85 86 87 88 83 99 0
7 0 98 10 39 46 50 41 44 49 40 47 43 89 84 95 8 3 37 57 42 20 67 79 73 33 14 48 78 74 81 82 77 80 96 97 0
Details of initial solution:
Target function value = 567.623737909296
Total travel time = 3690.73737909296
Total penalty = 28
Total vehicle cost = 2885
Details of best solution:
Target function value = 186.664773141787
Total travel time = 1158.94773141787
Total penalty = 0
Total vehicle cost = 2359
