N=100, M=11, random seed=19, case type=13 (locations: clustered, time windows: moderate, vehicle capacities: moderately random)

Vehicle
Number			Capacities
11			722 508 622 710 611 552 556 639 525 688 612 



1 36 5 15 67 566 90
2 42 7 15 126 598 90
3 44 5 30 231 686 90
4 43 3 15 415 919 90
5 30 0 30 476 926 90
6 37 4 30 302 858 90
7 40 1 15 443 934 90
8 44 1 15 297 796 90
9 38 2 15 241 731 90
10 36 3 30 309 837 90
11 40 2 15 321 787 90
12 33 3 15 36 553 90
13 33 1 30 247 756 90
14 34 0 30 235 750 90
15 39 0 15 215 684 90
16 66 13 15 25 484 90
17 65 8 30 201 690 90
18 67 14 15 194 644 90
19 64 12 15 213 764 90
20 69 10 30 211 699 90
21 57 10 30 58 580 90
22 69 9 30 344 811 90
23 65 15 30 119 631 90
24 54 7 30 31 475 90
25 65 10 30 75 572 90
26 59 8 30 262 754 90
27 61 7 30 22 570 90
28 60 9 30 421 949 90
29 64 17 15 102 601 90
30 60 15 15 303 823 90
31 61 16 30 24 561 90
32 44 22 30 343 852 90
33 45 23 30 435 958 90
34 43 16 30 19 490 90
35 45 23 15 67 600 90
36 42 17 15 454 975 90
37 39 17 15 176 621 90
38 38 18 15 45 603 90
39 45 24 15 512 995 90
40 35 14 30 165 661 90
41 40 17 15 288 781 90
42 45 21 30 59 497 90
43 34 16 15 291 849 90
44 36 17 15 196 653 90
45 39 19 30 99 618 90
46 31 23 15 324 868 90
47 27 22 30 359 897 90
48 28 25 30 306 820 90
49 38 28 30 265 770 90
50 30 29 30 306 862 90
51 23 22 30 8 567 90
52 36 26 15 176 649 90
53 32 23 30 245 741 90
54 35 29 30 291 785 90
55 38 29 30 348 795 90
56 28 27 15 250 753 90
57 25 22 30 159 687 90
58 28 27 15 123 583 90
59 31 29 15 264 707 90
60 35 28 30 14 542 90
61 13 22 15 424 956 90
62 14 21 30 292 776 90
63 8 13 15 508 981 90
64 13 22 30 154 609 90
65 17 23 15 163 688 90
66 14 19 15 408 915 90
67 12 18 15 437 879 90
68 15 21 30 222 703 90
69 14 21 15 353 826 90
70 18 23 30 232 748 90
71 14 23 15 310 773 90
72 17 23 15 15 488 90
73 10 15 15 169 691 90
74 13 21 15 208 767 90
75 16 20 15 188 699 90
76 14 20 30 33 543 90
77 7 24 30 428 965 90
78 9 23 15 31 584 90
79 10 27 30 346 863 90
80 5 12 15 283 727 90
81 5 14 15 88 569 90
82 10 26 30 333 879 90
83 11 27 15 386 832 90
84 5 18 15 477 973 90
85 8 25 30 332 892 90
86 10 28 30 166 720 90
87 5 12 30 114 656 90
88 4 15 30 83 623 90
89 9 22 15 168 683 90
90 5 21 15 422 969 90
91 7 16 15 293 852 90
92 4 14 15 150 673 90
93 6 20 15 230 762 90
94 6 21 30 61 501 90
95 11 27 15 129 672 90
96 7 21 30 264 799 90
97 9 27 30 59 574 90
98 8 26 30 19 473 90
99 8 23 30 261 786 90
0 61 61 10 0 1000 0
