Initial Solution:
5
1 0 1 2 3 4 5 6 7 8 9 10 11 12 13 14 15 16 17 18 19 20 21 22 23 24 25 26 27 28 29 30 0
4 0 31 32 33 34 35 36 37 38 39 40 41 42 43 44 45 46 47 48 49 50 51 52 53 54 55 56 0
10 0 57 58 59 60 61 62 63 64 65 66 67 68 69 70 71 72 73 74 75 76 77 78 79 80 81 0
8 0 82 83 84 85 86 87 88 89 90 91 92 93 94 95 96 97 98 0
3 0 99 0
Best solution:
5
1 0 21 84 85 4 5 63 33 8 42 75 76 12 16 17 18 13 14 15 19 20 67 68 69 82 83 22 27 28 29 30 0
4 0 31 50 97 34 25 26 37 38 39 40 73 74 43 44 45 46 47 94 95 96 51 55 52 90 91 56 0
10 0 57 58 59 60 61 49 32 64 65 66 1 2 3 70 71 72 41 9 10 11 77 78 79 80 81 0
8 0 24 35 36 23 86 87 88 89 53 54 92 6 93 48 62 7 98 0
3 0 99 0
Details of initial solution:
Target function value = 1044.44086324271
Total travel time = 4923.40863242712
Total penalty = 72
Total vehicle cost = 2641
Details of best solution:
Target function value = 742.308169441918
Total travel time = 3342.08169441918
Total penalty = 36
Total vehicle cost = 2641
