N=100, M=11, random seed=18, case type=0 (locations: random, time windows: narrow, vehicle capacities: equal)

Vehicle
Number			Capacities
11			520 520 520 520 520 520 520 520 520 520 520 



1 12 9 15 98 394 90
2 40 33 15 719 926 90
3 97 47 15 495 806 90
4 91 55 30 683 993 90
5 0 83 30 421 713 90
6 27 42 15 113 366 90
7 16 28 15 619 872 90
8 26 3 15 546 740 90
9 46 10 15 483 683 90
10 84 51 30 198 420 90
11 83 19 30 69 267 90
12 43 92 30 459 750 90
13 94 64 15 669 927 90
14 17 32 30 102 362 90
15 41 31 15 414 632 90
16 64 46 30 128 401 90
17 90 60 30 147 394 90
18 83 70 15 253 456 90
19 79 86 15 402 679 90
20 2 93 15 522 802 90
21 87 13 30 628 880 90
22 62 7 15 675 950 90
23 98 56 30 680 948 90
24 3 33 30 437 685 90
25 72 98 30 402 686 90
26 49 84 30 498 741 90
27 92 81 30 351 627 90
28 67 93 30 601 838 90
29 7 0 15 394 619 90
30 38 64 15 74 303 90
31 47 91 30 673 877 90
32 19 29 15 224 504 90
33 76 79 15 245 545 90
34 3 66 30 244 515 90
35 83 86 15 530 805 90
36 72 10 30 378 684 90
37 19 30 15 390 684 90
38 34 10 15 175 454 90
39 58 20 15 690 925 90
40 3 55 15 439 750 90
41 86 60 30 3 242 90
42 84 56 15 524 756 90
43 6 53 30 27 225 90
44 76 72 15 747 992 90
45 49 88 15 237 523 90
46 74 83 15 171 360 90
47 64 35 30 507 722 90
48 77 18 15 497 758 90
49 4 13 30 313 512 90
50 59 60 15 243 434 90
51 99 72 15 117 336 90
52 15 17 15 33 329 90
53 96 98 15 665 927 90
54 84 65 30 113 399 90
55 2 42 30 111 392 90
56 96 84 15 307 545 90
57 96 83 15 524 775 90
58 12 38 15 94 366 90
59 17 8 15 47 295 90
60 59 80 15 681 897 90
61 61 47 30 481 779 90
62 59 76 15 280 534 90
63 81 33 30 540 817 90
64 9 78 30 166 394 90
65 76 79 30 42 349 90
66 33 75 30 786 992 90
67 75 7 15 489 785 90
68 58 63 30 204 439 90
69 71 87 15 247 451 90
70 4 97 15 146 343 90
71 63 37 15 238 455 90
72 88 23 15 503 720 90
73 64 42 30 425 727 90
74 57 14 30 375 649 90
75 51 86 15 319 627 90
76 52 36 30 24 235 90
77 49 84 15 125 333 90
78 65 83 30 432 671 90
79 13 2 30 365 628 90
80 15 87 30 661 889 90
81 66 77 15 430 689 90
82 62 46 15 543 755 90
83 66 87 30 337 525 90
84 52 68 15 611 864 90
85 10 17 30 317 544 90
86 77 7 30 122 433 90
87 71 19 30 31 341 90
88 75 55 15 428 694 90
89 75 97 30 676 919 90
90 46 74 15 82 325 90
91 33 49 30 652 846 90
92 75 91 15 391 609 90
93 14 88 15 82 378 90
94 65 86 15 507 797 90
95 2 96 15 634 856 90
96 1 55 30 464 733 90
97 79 35 30 153 462 90
98 7 43 30 484 747 90
99 39 90 15 439 640 90
0 53 50 10 0 1000 0
