Initial Solution:
4
2 0 1 2 3 4 5 6 7 8 9 10 11 12 13 14 15 16 17 18 19 20 21 22 23 24 25 26 27 28 29 30 31 32 0
10 0 33 34 35 36 37 38 39 40 41 42 43 44 45 46 47 48 49 50 51 52 53 54 55 56 57 58 59 60 61 62 63 64 65 66 0
4 0 67 68 69 70 71 72 73 74 75 76 77 78 79 80 81 82 83 84 85 86 87 88 89 90 91 92 93 94 95 0
9 0 96 97 98 99 0
Best solution:
4
7 0 50 44 45 34 5 6 7 8 9 10 11 63 71 72 73 16 17 18 19 3 4 35 23 99 0
1 0 20 70 64 14 37 38 67 68 69 56 57 51 33 46 47 48 86 87 88 92 89 94 90 91 93 95 0
4 0 39 96 97 21 22 36 15 74 76 77 75 78 53 54 41 42 31 83 84 60 61 62 12 25 26 66 0
9 0 40 55 98 24 52 79 29 30 43 58 59 85 49 1 2 13 65 27 28 80 81 82 32 0
Details of initial solution:
Target function value = 1075.50490318031
Total travel time = 5456.04903180308
Total penalty = 65
Total vehicle cost = 2699
Details of best solution:
Target function value = 575.632509687823
Total travel time = 2894.32509687823
Total penalty = 14
Total vehicle cost = 2302
