Initial Solution:
4
9 0 1 2 3 4 5 6 7 8 9 10 11 12 13 14 15 16 17 18 19 20 21 22 23 24 25 26 27 28 29 30 31 32 0
4 0 33 34 35 36 37 38 39 40 41 42 43 44 45 46 47 48 49 50 51 52 53 54 55 56 57 58 59 60 61 62 63 64 0
2 0 65 66 67 68 69 70 71 72 73 74 75 76 77 78 79 80 81 82 83 84 85 86 87 88 89 90 91 92 93 94 0
8 0 95 96 97 98 99 0
Best solution:
4
10 0 41 21 22 23 28 29 7 8 9 10 11 25 33 34 73 97 98 99 0
4 0 26 85 62 36 6 30 31 80 20 42 43 66 47 40 1 68 49 45 51 52 70 56 57 54 55 58 59 71 14 96 87 64 0
5 0 65 44 50 46 69 53 60 61 86 74 15 16 17 39 48 67 2 3 4 76 77 13 72 5 37 38 79 32 0
8 0 95 75 24 12 78 18 19 81 82 83 84 27 35 63 88 89 90 91 92 93 94 0
Details of initial solution:
Target function value = 1167.57688876447
Total travel time = 5895.76888764469
Total penalty = 74
Total vehicle cost = 2820
Details of best solution:
Target function value = 709.280686892475
Total travel time = 2986.80686892475
Total penalty = 39
Total vehicle cost = 2546
