N=100, M=11, random seed=18, case type=26 (locations: combined, time windows: wide, vehicle capacities: totally random)

Vehicle
Number			Capacities
11			443 571 312 631 243 307 553 561 692 201 258 



1 12 9 15 146 894 90
2 60 13 15 121 905 90
3 97 47 15 169 912 90
4 75 11 15 108 884 90
5 55 12 15 207 944 90
6 27 42 15 139 864 90
7 79 0 15 26 755 90
8 26 3 15 250 954 90
9 61 15 15 68 848 90
10 84 51 30 70 870 90
11 82 23 15 76 847 90
12 43 92 30 164 939 90
13 75 16 30 105 911 90
14 17 32 30 114 908 90
15 61 12 30 53 832 90
16 64 46 30 239 974 90
17 65 14 15 120 931 90
18 83 70 15 1 740 90
19 83 27 30 182 914 90
20 2 93 15 10 708 90
21 87 13 30 252 997 90
22 66 16 30 71 857 90
23 67 18 15 65 754 90
24 3 33 30 184 899 90
25 88 5 15 161 922 90
26 49 84 30 117 816 90
27 92 81 30 92 783 90
28 72 7 30 42 761 90
29 73 4 30 9 805 90
30 38 64 15 214 976 90
31 47 91 30 34 820 90
32 82 4 15 33 814 90
33 58 15 30 105 843 90
34 3 66 30 174 925 90
35 83 86 15 29 801 90
36 -1 0 30 15 763 90
37 19 30 15 246 962 90
38 -8 -3 15 138 936 90
39 58 20 15 92 846 90
40 -17 -9 15 166 943 90
41 86 60 30 58 786 90
42 -6 -1 30 11 818 90
43 -16 -4 30 291 997 90
44 76 72 15 141 937 90
45 -11 -6 30 70 805 90
46 74 83 15 91 795 90
47 -9 -4 15 55 752 90
48 77 18 15 86 803 90
49 9 3 15 182 899 90
50 59 60 15 120 922 90
51 9 4 30 116 890 90
52 15 17 15 88 896 90
53 96 98 15 9 720 90
54 -16 -8 15 46 754 90
55 2 42 30 148 887 90
56 0 0 15 117 880 90
57 -3 -2 30 233 961 90
58 12 38 15 139 898 90
59 -3 0 15 198 910 90
60 59 80 15 129 817 90
61 61 47 30 202 955 90
62 -1 0 30 112 839 90
63 81 33 30 33 844 90
64 0 0 30 8 818 90
65 76 79 30 136 902 90
66 -16 -7 15 229 972 90
67 75 7 15 27 770 90
68 27 32 30 247 941 90
69 71 87 15 141 859 90
70 22 22 15 23 819 90
71 18 26 15 150 940 90
72 88 23 15 226 948 90
73 33 33 30 146 915 90
74 57 14 30 42 851 90
75 29 49 15 155 918 90
76 52 36 30 164 865 90
77 30 32 15 119 885 90
78 65 83 30 265 963 90
79 28 28 30 160 872 90
80 15 87 30 2 747 90
81 26 32 30 36 729 90
82 62 46 15 204 957 90
83 27 44 30 213 916 90
84 52 68 15 67 760 90
85 24 33 15 162 950 90
86 77 7 30 189 918 90
87 25 31 30 188 976 90
88 75 55 15 195 955 90
89 37 41 30 123 877 90
90 46 74 15 79 860 90
91 20 24 30 219 931 90
92 25 25 30 251 993 90
93 22 38 30 226 973 90
94 34 40 15 263 982 90
95 35 43 30 52 743 90
96 21 27 15 163 926 90
97 32 28 30 267 959 90
98 33 33 15 214 910 90
99 26 46 15 130 841 90
0 54 60 10 0 1000 0
