Initial Solution:
4
2 0 1 2 3 4 5 6 7 8 9 10 11 12 13 14 15 16 17 18 19 20 21 22 23 24 25 26 27 28 29 30 31 32 33 0
10 0 34 35 36 37 38 39 40 41 42 43 44 45 46 47 48 49 50 51 52 53 54 55 56 57 58 59 60 61 62 63 0
4 0 64 65 66 67 68 69 70 71 72 73 74 75 76 77 78 79 80 81 82 83 84 85 86 87 88 89 90 0
9 0 91 92 93 94 95 96 97 98 99 0
Best solution:
4
10 0 9 2 5 1 10 3 4 16 13 11 6 17 18 14 15 20 27 28 29 24 8 7 12 30 32 25 19 21 31 23 26 22 33 0
3 0 42 43 35 58 54 55 46 38 41 45 34 37 40 66 47 48 57 60 44 53 61 50 63 0
6 0 52 59 65 51 76 71 77 97 73 94 95 84 78 81 96 91 67 80 89 90 0
9 0 69 86 93 85 68 87 70 49 39 64 56 36 62 74 92 72 79 98 83 88 82 75 99 0
Details of initial solution:
Target function value = 433.40826450591
Total travel time = 1684.3826450591
Total penalty = 46
Total vehicle cost = 2699
Details of best solution:
Target function value = 230.772761829065
Total travel time = 990.127618290654
Total penalty = 15
Total vehicle cost = 2392
