N=100, M=11, random seed=18, case type=16 (locations: clustered, time windows: wide, vehicle capacities: moderately random)

Vehicle
Number			Capacities
11			520 720 550 639 616 502 511 529 632 708 530 



1 61 2 15 28 824 90
2 60 13 15 265 972 90
3 66 5 15 135 946 90
4 75 11 15 188 998 90
5 55 12 15 123 915 90
6 75 25 30 37 790 90
7 79 0 15 204 957 90
8 77 3 15 207 901 90
9 61 15 15 181 881 90
10 67 2 15 70 792 90
11 82 23 15 26 724 90
12 81 2 30 135 926 90
13 75 16 30 218 976 90
14 63 0 15 33 793 90
15 61 12 30 149 867 90
16 78 6 15 40 813 90
17 65 14 15 49 796 90
18 63 8 15 94 797 90
19 83 27 30 124 901 90
20 58 4 30 159 939 90
21 81 24 30 208 960 90
22 66 16 30 209 984 90
23 67 18 15 215 983 90
24 77 8 15 146 894 90
25 88 5 15 121 905 90
26 68 18 15 169 912 90
27 71 8 30 108 884 90
28 72 7 30 207 944 90
29 73 4 30 139 864 90
30 83 3 30 26 755 90
31 72 21 30 250 954 90
32 82 4 15 68 848 90
33 58 15 30 70 870 90
34 -18 -5 30 76 847 90
35 -16 -7 30 164 939 90
36 -1 0 30 105 911 90
37 -18 -6 15 114 908 90
38 -8 -3 15 53 832 90
39 9 3 15 239 974 90
40 -17 -9 15 120 931 90
41 -6 -2 30 1 740 90
42 -6 -1 30 182 914 90
43 -16 -4 30 10 708 90
44 -2 0 30 252 997 90
45 -11 -6 30 71 857 90
46 -11 -5 30 65 754 90
47 -9 -4 15 184 899 90
48 -12 -2 15 161 922 90
49 9 3 15 117 816 90
50 8 2 15 92 783 90
51 9 4 30 42 761 90
52 0 0 30 9 805 90
53 -1 0 30 214 976 90
54 -16 -8 15 34 820 90
55 -14 -7 15 33 814 90
56 0 0 15 105 843 90
57 -3 -2 30 174 925 90
58 -17 -7 30 29 801 90
59 -3 0 15 15 763 90
60 -4 -1 30 246 962 90
61 4 1 15 138 936 90
62 -1 0 30 92 846 90
63 -1 0 30 166 943 90
64 0 0 30 58 786 90
65 8 1 15 11 818 90
66 -16 -7 15 291 997 90
67 28 25 15 141 937 90
68 27 32 30 70 805 90
69 44 38 15 91 795 90
70 22 22 15 55 752 90
71 18 26 15 86 803 90
72 27 27 15 182 899 90
73 33 33 30 120 922 90
74 18 25 30 116 890 90
75 29 49 15 88 896 90
76 20 27 15 9 720 90
77 30 32 15 46 754 90
78 23 37 15 148 887 90
79 28 28 30 117 880 90
80 35 33 30 233 961 90
81 26 32 30 139 898 90
82 39 47 30 198 910 90
83 27 44 30 129 817 90
84 38 45 30 202 955 90
85 24 33 15 112 839 90
86 25 38 30 33 844 90
87 25 31 30 8 818 90
88 33 48 30 136 902 90
89 37 41 30 229 972 90
90 32 52 30 27 770 90
91 20 24 30 247 941 90
92 25 25 30 141 859 90
93 22 38 30 23 819 90
94 34 40 15 150 940 90
95 35 43 30 226 948 90
96 21 27 15 146 915 90
97 32 28 30 42 851 90
98 33 33 15 155 918 90
99 26 46 15 164 865 90
0 53 50 10 0 1000 0
