N=100, M=11, random seed=19, case type=17 (locations: combined, time windows: wide, vehicle capacities: moderately random)

Vehicle
Number			Capacities
11			517 597 727 511 738 544 713 719 637 566 616 



1 65 39 15 126 819 90
2 42 7 15 26 762 90
3 44 5 30 246 977 90
4 27 28 15 103 850 90
5 30 0 30 178 917 90
6 37 4 30 70 773 90
7 19 67 15 139 907 90
8 44 1 15 15 733 90
9 38 2 15 146 840 90
10 46 79 15 128 834 90
11 40 2 15 221 973 90
12 33 3 15 224 918 90
13 33 1 30 100 898 90
14 74 9 30 191 904 90
15 39 0 15 186 952 90
16 66 13 15 177 871 90
17 0 73 30 156 930 90
18 67 14 15 53 854 90
19 64 12 15 237 929 90
20 69 10 30 199 904 90
21 89 95 15 12 817 90
22 94 7 30 265 992 90
23 65 15 30 109 809 90
24 54 7 30 89 899 90
25 65 10 30 121 849 90
26 59 8 30 1 759 90
27 74 3 30 289 990 90
28 60 9 30 35 804 90
29 64 17 15 177 909 90
30 57 46 15 246 959 90
31 61 16 30 181 957 90
32 44 22 30 132 916 90
33 81 4 15 126 892 90
34 43 16 30 235 989 90
35 67 30 30 221 994 90
36 42 17 15 87 777 90
37 39 17 15 128 857 90
38 38 18 15 114 862 90
39 9 37 30 18 777 90
40 35 14 30 123 889 90
41 80 78 30 182 932 90
42 45 21 30 49 778 90
43 34 16 15 12 728 90
44 44 53 15 185 931 90
45 39 19 30 234 925 90
46 31 23 15 75 875 90
47 45 66 30 69 827 90
48 28 25 30 26 833 90
49 38 28 30 194 917 90
50 26 46 15 151 881 90
51 23 22 30 7 797 90
52 36 26 15 75 860 90
53 32 23 30 74 815 90
54 86 85 15 144 915 90
55 38 29 30 52 799 90
56 14 97 30 68 827 90
57 25 22 30 209 900 90
58 35 65 30 263 994 90
59 31 29 15 150 896 90
60 35 28 30 154 889 90
61 13 22 15 245 941 90
62 11 81 30 184 986 90
63 8 13 15 195 891 90
64 13 22 30 11 787 90
65 13 58 30 86 837 90
66 14 19 15 254 963 90
67 69 36 15 15 794 90
68 15 21 30 106 880 90
69 14 21 15 191 996 90
70 18 23 30 206 987 90
71 39 85 15 223 957 90
72 17 23 15 232 950 90
73 10 15 15 180 890 90
74 28 53 30 239 969 90
75 16 20 15 193 996 90
76 14 20 30 158 928 90
77 70 1 15 207 934 90
78 9 23 15 5 753 90
79 10 27 30 254 955 90
80 40 18 30 218 941 90
81 5 14 15 150 908 90
82 82 9 30 39 742 90
83 11 27 15 217 909 90
84 5 18 15 234 990 90
85 8 25 30 168 977 90
86 28 15 15 150 842 90
87 5 12 30 92 883 90
88 96 65 30 64 778 90
89 9 22 15 24 781 90
90 5 21 15 98 878 90
91 7 16 15 229 953 90
92 4 14 15 156 858 90
93 6 20 15 109 881 90
94 6 21 30 236 993 90
95 11 27 15 162 921 90
96 7 21 30 25 757 90
97 9 27 30 217 992 90
98 8 26 30 200 934 90
99 8 23 30 26 803 90
0 56 49 10 0 1000 0
