Initial Solution:
4
1 0 1 2 3 4 5 6 7 8 9 10 11 12 13 14 15 16 17 18 19 20 21 22 23 24 25 26 27 28 29 30 0
2 0 31 32 33 34 35 36 37 38 39 40 41 42 43 44 45 46 47 48 49 50 51 52 53 54 55 56 57 58 59 60 61 0
3 0 62 63 64 65 66 67 68 69 70 71 72 73 74 75 76 77 78 79 80 81 82 83 84 85 86 87 88 89 90 91 92 0
4 0 93 94 95 96 97 98 99 0
Best solution:
4
1 0 53 60 56 3 7 9 2 8 4 45 43 47 40 41 39 42 46 50 44 48 49 11 12 10 1 6 5 52 54 68 69 61 0
2 0 37 35 36 31 38 28 29 27 13 14 15 19 16 17 22 21 18 20 23 24 25 26 34 32 33 30 0
3 0 64 66 62 63 65 51 57 58 59 55 71 67 70 75 80 77 82 72 78 73 76 81 74 79 83 91 92 0
4 0 93 94 86 89 87 85 88 90 84 96 97 95 98 99 0
Details of initial solution:
Target function value = 229.719258159619
Total travel time = 956.792581596188
Total penalty = 12
Total vehicle cost = 2868
Details of best solution:
Target function value = 158.374998708937
Total travel time = 683.349987089374
Total penalty = 1
Total vehicle cost = 2868
