Initial Solution:
4
2 0 1 2 3 4 5 6 7 8 9 10 11 12 13 14 15 16 17 18 19 20 21 22 23 24 25 26 27 28 29 30 31 32 33 0
10 0 34 35 36 37 38 39 40 41 42 43 44 45 46 47 48 49 50 51 52 53 54 55 56 57 58 59 60 61 62 63 0
4 0 64 65 66 67 68 69 70 71 72 73 74 75 76 77 78 79 80 81 82 83 84 85 86 87 88 89 90 0
9 0 91 92 93 94 95 96 97 98 99 0
Best solution:
4
2 0 9 2 5 1 10 3 8 7 12 16 4 13 11 6 17 15 20 14 18 22 23 26 19 21 27 28 29 32 30 25 24 31 33 0
10 0 36 35 40 37 34 43 45 46 47 38 41 42 60 59 44 53 52 56 61 57 55 54 66 58 48 64 62 63 0
6 0 80 97 98 94 95 89 84 88 90 0
9 0 82 69 73 77 78 81 76 96 71 74 91 70 49 39 65 50 51 92 67 79 72 87 68 85 86 93 75 83 99 0
Details of initial solution:
Target function value = 293.40826450591
Total travel time = 1684.3826450591
Total penalty = 11
Total vehicle cost = 2699
Details of best solution:
Target function value = 167.845059375629
Total travel time = 829.850593756294
Total penalty = 2
Total vehicle cost = 2562
