Initial Solution:
4
1 0 1 2 3 4 5 6 7 8 9 10 11 12 13 14 15 16 17 18 19 20 21 22 23 24 25 26 27 28 29 0
2 0 30 31 32 33 34 35 36 37 38 39 40 41 42 43 44 45 46 47 48 49 50 51 52 53 54 55 56 57 58 59 0
3 0 60 61 62 63 64 65 66 67 68 69 70 71 72 73 74 75 76 77 78 79 80 81 82 83 84 85 86 87 88 89 90 91 92 0
4 0 93 94 95 96 97 98 99 0
Best solution:
4
1 0 96 97 84 60 75 65 22 36 68 5 53 89 39 52 10 45 49 88 69 9 51 11 99 0
2 0 18 61 13 44 30 27 62 12 48 14 55 41 43 54 78 76 19 33 17 58 94 34 35 21 95 70 90 6 91 29 0
3 0 31 15 47 98 16 26 81 83 24 77 38 25 63 72 59 0
4 0 79 93 71 32 56 20 1 42 67 50 40 87 57 82 7 8 46 2 85 86 66 3 64 37 23 4 74 80 73 28 92 0
Details of initial solution:
Target function value = 925.083395027776
Total travel time = 5510.43395027776
Total penalty = 72
Total vehicle cost = 2868
Details of best solution:
Target function value = 314.124637388694
Total travel time = 1760.84637388694
Total penalty = 13
Total vehicle cost = 2868
