N=100, M=11, random seed=19, case type=6 (locations: random, time windows: wide, vehicle capacities: equal)

Vehicle
Number			Capacities
11			722 722 722 722 722 722 722 722 722 722 722 



1 65 39 15 33 782 90
2 61 78 15 66 788 90
3 41 97 15 125 830 90
4 27 28 15 205 959 90
5 69 35 15 260 960 90
6 89 84 30 132 938 90
7 19 67 15 225 966 90
8 50 20 30 148 897 90
9 56 74 15 122 862 90
10 46 79 15 145 923 90
11 20 45 30 170 886 90
12 46 27 30 17 784 90
13 76 32 30 121 880 90
14 74 9 30 114 879 90
15 98 42 30 113 832 90
16 52 80 30 13 722 90
17 0 73 30 102 841 90
18 28 42 15 106 806 90
19 99 14 15 94 895 90
20 37 5 15 108 846 90
21 89 95 15 28 800 90
22 94 7 30 182 899 90
23 36 22 15 58 820 90
24 69 12 30 17 711 90
25 17 44 30 38 785 90
26 34 51 30 133 875 90
27 74 3 30 10 808 90
28 51 45 15 198 976 90
29 76 91 15 51 800 90
30 57 46 15 145 915 90
31 39 39 15 11 798 90
32 55 85 15 168 927 90
33 81 4 15 207 980 90
34 9 16 30 10 731 90
35 67 30 30 31 814 90
36 9 10 30 217 988 90
37 77 65 30 96 791 90
38 40 63 15 19 827 90
39 9 37 30 264 997 90
40 11 17 15 83 829 90
41 80 78 30 146 889 90
42 94 29 30 33 721 90
43 24 61 30 126 934 90
44 44 53 15 106 813 90
45 43 65 30 47 816 90
46 37 83 15 146 940 90
47 45 66 30 164 952 90
48 4 80 30 148 912 90
49 51 98 30 131 886 90
50 26 46 15 133 939 90
51 63 69 30 3 812 90
52 18 29 15 92 815 90
53 80 73 15 123 869 90
54 86 85 15 147 891 90
55 38 33 15 190 887 90
56 14 97 30 124 877 90
57 14 71 30 74 852 90
58 35 65 30 66 776 90
59 34 75 30 145 838 90
60 95 43 15 6 784 90
61 97 98 15 197 979 90
62 11 81 30 150 884 90
63 61 24 15 267 990 90
64 49 56 15 83 788 90
65 13 58 30 77 852 90
66 33 65 15 201 958 90
67 69 36 15 241 933 90
68 77 11 30 115 846 90
69 93 27 15 185 908 90
70 35 84 30 112 878 90
71 39 85 15 165 878 90
72 69 88 30 8 731 90
73 33 26 30 80 852 90
74 28 53 30 90 899 90
75 61 65 15 92 853 90
76 43 21 15 16 776 90
77 70 1 15 197 984 90
78 51 25 15 13 816 90
79 29 20 30 167 934 90
80 40 18 30 155 849 90
81 79 25 15 45 776 90
82 82 9 30 149 945 90
83 80 44 30 212 908 90
84 93 99 15 240 986 90
85 95 40 30 143 953 90
86 28 15 15 73 877 90
87 59 49 15 51 843 90
88 96 65 30 38 828 90
89 44 87 30 81 846 90
90 23 39 30 189 986 90
91 1 92 15 126 935 90
92 97 49 15 71 844 90
93 32 79 30 107 889 90
94 44 63 30 34 724 90
95 37 76 15 58 851 90
96 70 56 30 122 907 90
97 24 1 15 28 793 90
98 39 80 30 10 714 90
99 47 82 30 123 898 90
0 61 61 10 0 1000 0
