N=100, M=11, random seed=17, case type=21 (locations: random, time windows: moderate, vehicle capacities: totally random)

Vehicle
Number			Capacities
11			649 663 386 588 165 75 598 497 489 708 445 



1 60 80 30 409 911 90
2 18 88 15 214 775 90
3 52 97 15 280 748 90
4 54 81 30 349 802 90
5 31 31 30 278 798 90
6 64 0 30 437 905 90
7 13 89 15 76 564 90
8 1 86 30 300 855 90
9 36 46 30 450 993 90
10 22 24 30 391 929 90
11 46 93 15 472 950 90
12 41 57 15 101 661 90
13 11 96 15 35 505 90
14 61 55 15 32 478 90
15 84 19 30 145 699 90
16 76 12 30 194 692 90
17 80 46 15 201 749 90
18 38 97 30 20 493 90
19 59 58 30 249 727 90
20 67 82 15 37 511 90
21 86 30 30 473 956 90
22 30 7 30 223 700 90
23 60 90 30 270 729 90
24 38 53 15 65 600 90
25 28 52 15 397 901 90
26 63 17 30 183 744 90
27 10 60 15 37 492 90
28 82 41 30 305 811 90
29 38 8 30 350 891 90
30 18 81 30 94 560 90
31 55 43 15 35 529 90
32 83 74 15 162 686 90
33 71 53 15 471 920 90
34 98 15 15 428 981 90
35 98 42 30 412 956 90
36 34 9 15 194 675 90
37 61 96 15 352 876 90
38 27 57 15 206 703 90
39 8 3 30 272 783 90
40 95 92 30 422 867 90
41 92 42 15 490 963 90
42 74 82 15 70 572 90
43 89 44 30 37 516 90
44 8 92 30 438 906 90
45 54 11 15 302 850 90
46 12 83 30 300 763 90
47 84 4 30 60 529 90
48 50 57 30 145 659 90
49 57 28 30 521 986 90
50 92 75 30 165 644 90
51 36 75 30 406 914 90
52 12 5 30 332 804 90
53 12 24 30 315 808 90
54 83 44 30 189 716 90
55 66 52 15 69 580 90
56 77 72 15 155 596 90
57 77 95 15 220 745 90
58 90 11 30 236 784 90
59 1 41 30 275 780 90
60 23 17 30 9 448 90
61 24 97 30 51 564 90
62 7 72 15 106 552 90
63 2 42 15 376 901 90
64 70 99 30 317 770 90
65 38 0 30 97 550 90
66 33 84 15 331 792 90
67 81 79 30 395 860 90
68 39 14 30 246 707 90
69 50 46 30 430 948 90
70 73 10 30 338 861 90
71 88 89 15 438 919 90
72 6 58 15 400 866 90
73 95 58 30 446 963 90
74 86 75 15 360 903 90
75 40 7 30 49 514 90
76 60 51 15 310 841 90
77 28 68 30 142 699 90
78 80 41 15 221 746 90
79 97 85 30 41 573 90
80 90 57 15 294 846 90
81 52 28 15 71 570 90
82 42 82 15 217 689 90
83 52 31 15 183 738 90
84 12 37 15 537 982 90
85 24 95 15 230 701 90
86 26 99 15 296 842 90
87 83 90 30 137 682 90
88 53 45 15 366 887 90
89 6 7 15 143 689 90
90 69 9 30 384 890 90
91 65 5 15 149 703 90
92 54 33 15 16 498 90
93 97 97 15 270 760 90
94 86 8 15 433 951 90
95 67 15 15 405 846 90
96 32 55 15 267 791 90
97 33 70 30 15 572 90
98 75 7 30 110 573 90
99 30 98 30 403 911 90
0 57 43 10 0 1000 0
