N=100, M=11, random seed=19, case type=19 (locations: clustered, time windows: narrow, vehicle capacities: totally random)

Vehicle
Number			Capacities
11			664 26 367 629 333 158 170 419 76 562 336 



1 36 5 15 100 349 90
2 42 7 15 186 408 90
3 44 5 30 337 542 90
4 43 3 15 624 878 90
5 30 0 30 693 893 90
6 37 4 30 472 778 90
7 40 1 15 661 902 90
8 44 1 15 445 694 90
9 38 2 15 359 599 90
10 36 3 30 473 751 90
11 40 2 15 471 687 90
12 33 3 15 55 322 90
13 33 1 30 374 633 90
14 34 0 30 357 622 90
15 39 0 15 316 535 90
16 66 13 15 37 246 90
17 65 8 30 299 538 90
18 67 14 15 283 483 90
19 64 12 15 333 634 90
20 69 10 30 315 553 90
21 57 10 30 89 361 90
22 69 9 30 506 723 90
23 65 15 30 180 442 90
24 54 7 30 45 239 90
25 65 10 30 113 360 90
26 59 8 30 391 633 90
27 61 7 30 35 333 90
28 60 9 30 644 922 90
29 64 17 15 153 402 90
30 60 15 15 462 732 90
31 61 16 30 37 324 90
32 44 22 30 518 777 90
33 45 23 30 663 936 90
34 43 16 30 29 250 90
35 45 23 15 103 386 90
36 42 17 15 691 962 90
37 39 17 15 255 450 90
38 38 18 15 71 379 90
39 45 24 15 760 993 90
40 35 14 30 247 493 90
41 40 17 15 431 674 90
42 45 21 30 86 274 90
43 34 16 15 456 764 90
44 36 17 15 287 494 90
45 39 19 30 150 419 90
46 31 23 15 502 796 90
47 27 22 30 553 841 90
48 28 25 30 463 727 90
49 38 28 30 399 654 90
50 30 29 30 478 784 90
51 23 22 30 13 322 90
52 36 26 15 260 483 90
53 32 23 30 367 613 90
54 35 29 30 435 679 90
55 38 29 30 506 703 90
56 28 27 15 376 629 90
57 25 22 30 243 521 90
58 28 27 15 180 390 90
59 31 29 15 382 575 90
60 35 28 30 22 300 90
61 13 22 15 650 932 90
62 14 21 30 433 667 90
63 8 13 15 749 972 90
64 13 22 30 225 430 90
65 17 23 15 248 523 90
66 14 19 15 615 872 90
67 12 18 15 632 824 90
68 15 21 30 330 561 90
69 14 21 15 521 744 90
70 18 23 30 353 619 90
71 14 23 15 454 667 90
72 17 23 15 23 246 90
73 10 15 15 257 529 90
74 13 21 15 327 636 90
75 16 20 15 285 546 90
76 14 20 30 50 310 90
77 7 24 30 659 946 90
78 9 23 15 48 351 90
79 10 27 30 525 792 90
80 5 12 15 410 604 90
81 5 14 15 131 362 90
82 10 26 30 516 812 90
83 11 27 15 561 757 90
84 5 18 15 714 960 90
85 8 25 30 520 830 90
86 10 28 30 260 564 90
87 5 12 30 176 468 90
88 4 15 30 128 418 90
89 9 22 15 254 519 90
90 5 21 15 655 952 90
91 7 16 15 459 768 90
92 4 14 15 230 503 90
93 6 20 15 353 635 90
94 6 21 30 88 278 90
95 11 27 15 200 493 90
96 7 21 30 406 691 90
97 9 27 30 90 355 90
98 8 26 30 27 231 90
99 8 23 30 399 674 90
0 61 61 10 0 1000 0
