Initial Solution:
4
2 0 1 2 3 4 5 6 7 8 9 10 11 12 13 14 15 16 17 18 19 20 21 22 23 24 25 26 27 28 29 30 31 32 0
10 0 33 34 35 36 37 38 39 40 41 42 43 44 45 46 47 48 49 50 51 52 53 54 55 56 57 58 59 60 61 62 63 64 65 66 0
4 0 67 68 69 70 71 72 73 74 75 76 77 78 79 80 81 82 83 84 85 86 87 88 89 90 91 92 93 94 95 0
9 0 96 97 98 99 0
Best solution:
4
6 0 1 2 76 38 39 6 7 8 9 96 98 43 24 14 15 16 17 18 19 84 75 99 0
7 0 33 34 20 80 70 64 5 40 41 42 3 4 13 65 27 28 53 54 92 93 94 95 0
4 0 67 10 11 63 71 72 73 74 85 37 58 59 79 49 50 82 47 48 36 86 87 88 89 90 91 55 32 0
9 0 68 69 81 51 23 44 45 46 83 35 97 21 22 52 29 30 31 56 57 77 78 60 61 62 12 25 26 66 0
Details of initial solution:
Target function value = 1007.50490318031
Total travel time = 5456.04903180308
Total penalty = 48
Total vehicle cost = 2699
Details of best solution:
Target function value = 518.794529775077
Total travel time = 2903.94529775077
Total penalty = 0
Total vehicle cost = 2284
