Initial Solution:
4
10 0 1 2 3 4 5 6 7 8 9 10 11 12 13 14 15 16 17 18 19 20 21 22 23 24 25 26 27 28 29 30 0
2 0 31 32 33 34 35 36 37 38 39 40 41 42 43 44 45 46 47 48 49 50 51 52 53 54 55 56 57 58 59 0
1 0 60 61 62 63 64 65 66 67 68 69 70 71 72 73 74 75 76 77 78 79 80 81 82 83 84 85 86 87 0
7 0 88 89 90 91 92 93 94 95 96 97 98 99 0
Best solution:
4
10 0 1 2 3 4 5 6 7 8 9 10 11 12 66 67 68 69 70 71 72 73 74 93 94 95 96 97 98 99 0
2 0 31 32 26 27 35 36 37 38 39 40 41 42 43 44 45 46 47 48 49 50 51 52 53 54 55 56 57 58 59 0
1 0 60 61 62 63 64 65 13 14 15 16 17 18 19 20 21 22 23 24 25 33 34 28 29 30 0
7 0 88 89 90 91 92 75 76 77 78 79 80 81 82 83 84 85 86 87 0
Details of initial solution:
Target function value = 551.170936062758
Total travel time = 933.709360627579
Total penalty = 49
Total vehicle cost = 2618
Details of best solution:
Target function value = 500.674153947713
Total travel time = 988.741539477131
Total penalty = 35
Total vehicle cost = 2618
