Initial Solution:
5
1 0 1 2 3 4 5 6 7 8 9 10 11 12 13 14 15 16 17 18 19 20 21 22 23 0
2 0 24 25 26 27 28 29 30 31 32 33 34 35 36 37 38 39 40 41 42 43 44 45 46 0
3 0 47 48 49 50 51 52 53 54 55 56 57 58 59 60 61 62 63 64 65 66 67 68 69 70 0
4 0 71 72 73 74 75 76 77 78 79 80 81 82 83 84 85 86 87 88 89 90 91 92 0
5 0 93 94 95 96 97 98 99 0
Best solution:
5
1 0 1 37 38 59 79 29 49 8 9 10 11 86 87 88 54 16 95 39 47 48 21 22 23 0
2 0 24 98 85 12 28 56 57 3 4 60 61 62 63 72 73 74 67 71 64 70 0
3 0 40 5 6 7 32 52 14 15 55 30 31 50 81 82 97 84 99 0
4 0 68 69 65 44 45 76 77 78 41 42 51 33 83 25 26 27 13 53 89 19 35 92 0
5 0 93 94 17 18 90 91 36 2 58 96 34 20 80 43 66 75 46 0
Details of initial solution:
Target function value = 982.380285994649
Total travel time = 5423.80285994649
Total penalty = 45
Total vehicle cost = 2600
Details of best solution:
Target function value = 594.351861046363
Total travel time = 3063.51861046362
Total penalty = 7
Total vehicle cost = 2600
