Initial Solution:
4
1 0 1 2 3 4 5 6 7 8 9 10 11 12 13 14 15 16 17 18 19 20 21 22 23 24 25 26 0
2 0 27 28 29 30 31 32 33 34 35 36 37 38 39 40 41 42 43 44 45 46 47 48 49 50 51 52 53 54 0
3 0 55 56 57 58 59 60 61 62 63 64 65 66 67 68 69 70 71 72 73 74 75 76 77 78 79 80 81 82 0
4 0 83 84 85 86 87 88 89 90 91 92 93 94 95 96 97 98 99 0
Best solution:
4
1 0 1 2 9 46 47 6 7 38 45 10 11 12 4 5 15 16 17 18 19 13 14 48 72 24 25 26 0
2 0 27 58 59 60 61 62 63 64 65 52 53 68 69 70 34 35 73 74 75 76 77 78 79 80 81 82 0
3 0 55 56 57 28 29 30 31 32 21 22 23 36 43 44 39 40 41 89 49 50 92 93 94 95 96 97 98 99 0
4 0 83 84 85 86 87 88 42 37 8 3 20 33 71 90 91 51 66 67 54 0
Details of initial solution:
Target function value = 709.234331467704
Total travel time = 3696.34331467704
Total penalty = 22
Total vehicle cost = 2516
Details of best solution:
Target function value = 488.517530880761
Total travel time = 2369.17530880761
Total penalty = 0
Total vehicle cost = 2516
