Initial Solution:
5
2 0 1 2 3 4 5 6 7 8 9 10 11 12 13 14 15 16 17 18 19 20 21 22 23 24 25 26 27 28 29 30 31 0
10 0 32 33 34 35 36 37 38 39 40 41 42 43 44 45 46 47 48 49 50 51 52 53 54 55 56 57 0
4 0 58 59 60 61 62 63 64 65 66 67 68 69 70 71 72 73 74 75 76 0
9 0 77 78 79 80 81 82 83 84 85 86 87 88 89 90 0
5 0 91 92 93 94 95 96 97 98 99 0
Best solution:
5
2 0 9 2 5 1 10 3 16 32 4 13 11 6 18 14 15 20 27 28 29 24 8 12 7 30 25 19 21 22 23 26 31 0
10 0 51 52 36 35 40 37 34 38 39 56 62 63 44 42 48 66 43 47 60 59 61 53 57 0
4 0 41 45 58 54 55 46 64 50 65 49 70 71 86 78 83 75 99 0
9 0 17 33 97 98 79 72 92 74 67 80 73 81 96 91 76 0
5 0 93 85 68 87 77 69 82 84 89 94 95 88 90 0
Details of initial solution:
Target function value = 434.554848494836
Total travel time = 1771.74848494836
Total penalty = 46
Total vehicle cost = 2446
Details of best solution:
Target function value = 240.099849557715
Total travel time = 1067.19849557715
Total penalty = 15
Total vehicle cost = 2446
