Initial Solution:
5
1 0 1 2 3 4 5 6 7 8 9 10 11 12 13 14 15 16 17 18 19 20 21 22 23 24 25 26 0
2 0 27 28 29 30 31 32 33 34 35 36 37 38 39 40 41 42 43 44 45 0
3 0 46 47 48 49 50 51 52 53 54 55 56 57 58 59 60 61 62 63 64 65 66 67 68 0
4 0 69 70 71 72 73 74 75 76 77 78 79 80 81 82 83 84 85 86 87 88 89 0
5 0 90 91 92 93 94 95 96 97 98 99 0
Best solution:
5
1 0 9 2 5 1 10 3 4 11 6 30 32 12 7 8 16 29 14 20 18 23 27 28 24 25 22 26 0
2 0 19 21 13 31 17 15 33 34 58 40 54 66 35 55 46 38 47 48 43 37 45 0
3 0 51 49 50 65 61 52 64 56 53 36 63 44 59 60 42 41 57 62 39 67 68 0
4 0 69 98 73 97 72 70 91 71 74 76 96 92 79 80 77 81 87 85 78 93 86 89 0
5 0 82 84 94 95 88 90 75 83 99 0
Details of initial solution:
Target function value = 253.469099531154
Total travel time = 1754.69099531154
Total penalty = 0
Total vehicle cost = 2600
Details of best solution:
Target function value = 168.414659134494
Total travel time = 904.146591344938
Total penalty = 0
Total vehicle cost = 2600
