Initial Solution:
4
1 0 1 2 3 4 5 6 7 8 9 10 11 12 13 14 15 16 17 18 19 20 21 22 23 24 25 26 27 28 29 30 31 32 33 0
4 0 34 35 36 37 38 39 40 41 42 43 44 45 46 47 48 49 50 51 52 53 54 55 56 57 58 59 60 61 62 0
10 0 63 64 65 66 67 68 69 70 71 72 73 74 75 76 77 78 79 80 81 82 83 84 85 86 87 88 89 90 91 92 0
8 0 93 94 95 96 97 98 99 0
Best solution:
4
2 0 75 29 21 84 49 32 16 9 2 72 41 83 60 15 88 53 54 6 61 99 0
10 0 28 35 13 78 8 12 76 73 90 52 39 34 40 36 97 20 86 79 23 80 55 31 87 1 67 5 63 81 69 42 85 92 0
9 0 10 3 89 56 91 48 17 57 65 11 25 4 24 77 27 14 68 82 19 22 33 0
8 0 96 37 51 30 64 44 94 45 47 66 95 98 71 46 7 43 74 18 50 26 38 58 59 70 93 62 0
Details of initial solution:
Target function value = 710.81189762765
Total travel time = 4760.4189762765
Total penalty = 38
Total vehicle cost = 2759
Details of best solution:
Target function value = 214.647438353187
Total travel time = 1438.47438353187
Total penalty = 0
Total vehicle cost = 2360
