Initial Solution:
4
1 0 1 2 3 4 5 6 7 8 9 10 11 12 13 14 15 16 17 18 19 20 21 22 23 24 25 26 27 28 29 0
2 0 30 31 32 33 34 35 36 37 38 39 40 41 42 43 44 45 46 47 48 49 50 51 52 53 54 55 56 57 58 59 60 0
3 0 61 62 63 64 65 66 67 68 69 70 71 72 73 74 75 76 77 78 79 80 81 82 83 84 85 86 87 0
4 0 88 89 90 91 92 93 94 95 96 97 98 99 0
Best solution:
4
1 0 31 26 78 69 46 65 35 53 27 18 41 3 72 13 21 25 32 7 86 67 28 29 0
2 0 84 50 44 88 63 19 23 17 15 2 33 74 9 22 39 82 16 76 89 95 94 75 83 99 0
3 0 61 5 8 1 49 62 45 40 54 66 43 47 57 59 56 52 70 91 71 96 85 68 77 73 98 97 79 87 0
4 0 10 11 48 4 51 36 64 38 42 55 80 90 30 6 93 81 92 37 14 24 58 34 20 12 60 0
Details of initial solution:
Target function value = 891.681964173041
Total travel time = 5779.21964173041
Total penalty = 59
Total vehicle cost = 2592
Details of best solution:
Target function value = 219.869346033952
Total travel time = 1341.09346033952
Total penalty = 2
Total vehicle cost = 2592
