Initial Solution:
4
5 0 1 2 3 4 5 6 7 8 9 10 11 12 13 14 15 16 17 18 19 20 21 22 23 24 25 26 27 28 29 30 31 0
3 0 32 33 34 35 36 37 38 39 40 41 42 43 44 45 46 47 48 49 50 51 52 53 54 55 56 57 58 59 0
8 0 60 61 62 63 64 65 66 67 68 69 70 71 72 73 74 75 76 77 78 79 80 81 82 83 84 85 86 87 88 0
7 0 89 90 91 92 93 94 95 96 97 98 99 0
Best solution:
5
5 0 22 82 27 28 26 36 2 3 8 6 9 5 40 49 60 46 86 12 13 15 11 73 81 91 84 96 99 0
3 0 47 71 10 74 65 62 56 17 7 50 68 63 92 87 93 94 98 85 97 83 95 58 30 0
8 0 51 64 39 79 78 89 90 4 48 37 38 32 24 25 16 23 18 14 33 77 20 29 19 59 0
7 0 42 43 53 55 52 67 1 41 21 54 44 45 80 72 61 69 76 66 75 70 57 34 35 31 0
4 0 88 0
Details of initial solution:
Target function value = 699.524371304741
Total travel time = 3469.4437130474
Total penalty = 68
Total vehicle cost = 2686
Details of best solution:
Target function value = 266.772150079367
Total travel time = 1451.12150079367
Total penalty = 10
Total vehicle cost = 2722
