N=100, M=11, random seed=17, case type=23 (locations: combined, time windows: moderate, vehicle capacities: totally random)

Vehicle
Number			Capacities
11			387 242 686 43 616 435 610 245 552 743 186 



1 40 1 15 201 749 90
2 36 1 15 20 493 90
3 52 97 15 249 727 90
4 34 1 15 37 511 90
5 42 0 30 473 956 90
6 64 0 30 223 700 90
7 39 3 30 270 729 90
8 1 86 30 65 600 90
9 41 0 30 397 901 90
10 22 24 30 183 744 90
11 32 1 30 37 492 90
12 33 1 15 305 811 90
13 96 13 15 350 891 90
14 61 55 15 94 560 90
15 95 10 30 35 529 90
16 76 12 30 162 686 90
17 92 7 30 471 920 90
18 88 11 30 428 981 90
19 95 10 30 412 956 90
20 67 82 15 194 675 90
21 88 10 30 352 876 90
22 90 8 15 206 703 90
23 91 13 30 272 783 90
24 38 53 15 422 867 90
25 93 12 15 490 963 90
26 63 17 30 70 572 90
27 56 17 15 37 516 90
28 82 41 30 438 906 90
29 56 15 30 302 850 90
30 51 13 15 300 763 90
31 51 16 15 60 529 90
32 58 18 15 145 659 90
33 71 53 15 521 986 90
34 58 16 15 165 644 90
35 98 42 30 406 914 90
36 54 16 30 332 804 90
37 61 96 15 315 808 90
38 53 15 30 189 716 90
39 5 3 15 69 580 90
40 9 4 30 155 596 90
41 6 3 15 220 745 90
42 74 82 15 236 784 90
43 9 5 30 275 780 90
44 6 3 15 9 448 90
45 54 11 15 51 564 90
46 1 0 30 106 552 90
47 10 4 15 376 901 90
48 50 57 30 317 770 90
49 7 3 30 97 550 90
50 4 1 15 331 792 90
51 36 75 30 395 860 90
52 43 31 30 246 707 90
53 50 35 15 430 948 90
54 83 44 30 338 861 90
55 41 34 30 438 919 90
56 48 32 15 400 866 90
57 77 95 15 446 963 90
58 90 11 30 360 903 90
59 41 34 30 49 514 90
60 49 38 30 310 841 90
61 34 38 30 142 699 90
62 35 39 30 221 746 90
63 2 42 15 41 573 90
64 40 40 15 294 846 90
65 36 36 15 71 570 90
66 33 84 15 217 689 90
67 81 79 30 183 738 90
68 36 36 30 537 982 90
69 33 38 15 230 701 90
70 73 10 30 296 842 90
71 35 41 15 137 682 90
72 37 58 15 366 887 90
73 95 58 30 143 689 90
74 37 62 30 384 890 90
75 37 52 15 149 703 90
76 60 51 15 16 498 90
77 40 55 15 270 760 90
78 38 61 15 433 951 90
79 97 85 30 405 846 90
80 37 54 15 267 791 90
81 39 62 15 15 572 90
82 40 59 15 110 573 90
83 33 69 30 403 911 90
84 12 37 15 105 642 90
85 24 95 15 401 946 90
86 30 76 30 390 891 90
87 27 76 30 53 518 90
88 30 69 30 307 843 90
89 6 7 15 454 972 90
90 28 69 15 217 728 90
91 29 70 15 73 577 90
92 54 33 15 78 604 90
93 33 73 30 114 648 90
94 34 75 30 184 744 90
95 13 57 30 74 606 90
96 16 55 15 244 798 90
97 14 54 15 145 674 90
98 14 60 15 396 919 90
99 11 61 30 256 705 90
0 42 39 10 0 1000 0
