Initial Solution:
5
1 0 1 2 3 4 5 6 7 8 9 10 11 12 13 14 15 16 17 18 19 20 21 22 23 24 25 26 27 28 0
4 0 29 30 31 32 33 34 35 36 37 38 39 40 41 42 43 44 45 46 47 48 49 50 51 52 53 54 0
10 0 55 56 57 58 59 60 61 62 63 64 65 66 67 68 69 70 71 72 73 74 75 76 77 78 79 80 81 0
8 0 82 83 84 85 86 87 88 89 90 91 92 93 94 95 96 97 98 0
3 0 99 0
Best solution:
5
1 0 1 2 3 4 8 9 10 12 13 5 14 6 15 7 11 17 25 20 22 18 16 23 19 21 24 26 27 28 0
4 0 29 30 31 34 36 42 35 33 39 32 45 41 37 38 44 40 43 57 47 48 58 56 50 59 60 54 0
10 0 55 49 52 46 53 51 66 67 63 62 64 61 71 72 65 70 75 68 76 69 74 78 85 77 98 0
8 0 95 83 86 79 97 82 89 96 90 94 93 84 91 73 80 87 88 92 81 0
3 0 99 0
Details of initial solution:
Target function value = 197.224279582711
Total travel time = 1179.94279582711
Total penalty = 0
Total vehicle cost = 2641
Details of best solution:
Target function value = 165.834229910779
Total travel time = 866.042299107787
Total penalty = 0
Total vehicle cost = 2641
