Initial Solution:
5
2 0 1 2 3 4 5 6 7 8 9 10 11 12 13 14 15 16 17 18 19 20 21 22 23 24 25 26 27 28 29 0
10 0 30 31 32 33 34 35 36 37 38 39 40 41 42 43 44 45 46 47 48 49 50 51 52 53 54 55 56 57 58 59 60 0
4 0 61 62 63 64 65 66 67 68 69 70 71 72 73 74 75 76 77 0
9 0 78 79 80 81 82 83 84 85 86 87 88 89 90 91 92 93 94 0
5 0 95 96 97 98 99 0
Best solution:
5
2 0 68 90 30 52 79 59 38 39 6 34 40 96 43 98 55 24 85 49 1 8 9 74 88 42 10 54 44 33 81 62 60 0
10 0 78 65 46 18 41 17 51 27 53 89 92 19 35 69 83 28 75 26 77 0
4 0 61 76 2 91 58 14 7 32 37 15 73 3 4 23 13 56 57 25 94 0
9 0 82 16 71 47 97 63 72 11 21 48 87 36 67 86 22 29 0
5 0 50 45 80 64 5 20 95 70 93 66 84 31 12 99 0
Details of initial solution:
Target function value = 834.797616835898
Total travel time = 5494.17616835898
Total penalty = 53
Total vehicle cost = 2446
Details of best solution:
Target function value = 229.51724908923
Total travel time = 1521.3724908923
Total penalty = 1
Total vehicle cost = 2446
