Initial Solution:
4
5 0 1 2 3 4 5 6 7 8 9 10 11 12 13 14 15 16 17 18 19 20 21 22 23 24 25 26 27 28 29 30 31 32 33 0
3 0 34 35 36 37 38 39 40 41 42 43 44 45 46 47 48 49 50 51 52 53 54 55 56 57 58 59 60 61 62 63 0
8 0 64 65 66 67 68 69 70 71 72 73 74 75 76 77 78 79 80 81 82 83 84 85 86 87 88 89 90 91 92 93 94 95 96 0
7 0 97 98 99 0
Best solution:
4
1 0 42 32 80 45 43 2 3 15 9 6 40 86 57 75 66 91 92 87 84 93 94 90 96 0
6 0 1 35 34 36 37 38 53 46 48 4 51 70 72 68 69 76 61 64 95 83 79 97 89 99 0
4 0 44 47 58 71 10 41 21 54 88 67 22 20 18 16 23 31 25 77 27 14 82 33 0
7 0 30 29 19 26 28 24 8 11 12 13 5 73 78 85 98 39 65 17 56 62 7 74 50 59 60 55 49 52 81 63 0
Details of initial solution:
Target function value = 572.53994779607
Total travel time = 3616.2994779607
Total penalty = 31
Total vehicle cost = 2897
Details of best solution:
Target function value = 177.278237400274
Total travel time = 1087.28237400274
Total penalty = 0
Total vehicle cost = 2285
