N=100, M=11, random seed=18, case type=20 (locations: combined, time windows: narrow, vehicle capacities: totally random)

Vehicle
Number			Capacities
11			443 571 312 631 243 307 553 561 692 201 258 



1 12 9 15 437 685 90
2 60 13 15 402 686 90
3 97 47 15 498 741 90
4 75 11 15 351 627 90
5 55 12 15 601 838 90
6 27 42 15 394 619 90
7 79 0 15 74 303 90
8 26 3 15 673 877 90
9 61 15 15 224 504 90
10 84 51 30 245 545 90
11 82 23 15 244 515 90
12 43 92 30 530 805 90
13 75 16 30 378 684 90
14 17 32 30 390 684 90
15 61 12 30 175 454 90
16 64 46 30 690 925 90
17 65 14 15 439 750 90
18 83 70 15 3 242 90
19 83 27 30 524 756 90
20 2 93 15 27 225 90
21 87 13 30 747 992 90
22 66 16 30 237 523 90
23 67 18 15 171 360 90
24 3 33 30 507 722 90
25 88 5 15 497 758 90
26 49 84 30 313 512 90
27 92 81 30 243 434 90
28 72 7 30 117 336 90
29 73 4 30 33 329 90
30 38 64 15 665 927 90
31 47 91 30 113 399 90
32 82 4 15 111 392 90
33 58 15 30 307 545 90
34 3 66 30 524 775 90
35 83 86 15 94 366 90
36 -1 0 30 47 295 90
37 19 30 15 681 897 90
38 -8 -3 15 481 779 90
39 58 20 15 280 534 90
40 -17 -9 15 540 817 90
41 86 60 30 166 394 90
42 -6 -1 30 42 349 90
43 -16 -4 30 786 992 90
44 76 72 15 489 785 90
45 -11 -6 30 204 439 90
46 74 83 15 247 451 90
47 -9 -4 15 146 343 90
48 77 18 15 238 455 90
49 9 3 15 503 720 90
50 59 60 15 425 727 90
51 9 4 30 375 649 90
52 15 17 15 319 627 90
53 96 98 15 24 235 90
54 -16 -8 15 125 333 90
55 2 42 30 432 671 90
56 0 0 15 365 628 90
57 -3 -2 30 661 889 90
58 12 38 15 430 689 90
59 -3 0 15 543 755 90
60 59 80 15 337 525 90
61 61 47 30 611 864 90
62 -1 0 30 317 544 90
63 81 33 30 122 433 90
64 0 0 30 31 341 90
65 76 79 30 428 694 90
66 -16 -7 15 676 919 90
67 75 7 15 82 325 90
68 27 32 30 652 846 90
69 71 87 15 391 609 90
70 22 22 15 82 378 90
71 18 26 15 507 797 90
72 88 23 15 634 856 90
73 33 33 30 464 733 90
74 57 14 30 153 462 90
75 29 49 15 484 747 90
76 52 36 30 439 640 90
77 30 32 15 375 641 90
78 65 83 30 705 903 90
79 28 28 30 438 650 90
80 15 87 30 6 251 90
81 26 32 30 96 289 90
82 62 46 15 619 872 90
83 27 44 30 573 776 90
84 52 68 15 177 370 90
85 24 33 15 545 833 90
86 77 7 30 537 766 90
87 25 31 30 633 921 90
88 75 55 15 602 862 90
89 37 41 30 373 627 90
90 46 74 15 260 541 90
91 20 24 30 600 812 90
92 25 25 30 737 979 90
93 22 38 30 675 922 90
94 34 40 15 733 952 90
95 35 43 30 137 328 90
96 21 27 15 508 771 90
97 32 28 30 701 893 90
98 33 33 15 568 764 90
99 26 46 15 356 567 90
0 54 60 10 0 1000 0
