Initial Solution:
5
2 0 1 2 3 4 5 6 7 8 9 10 11 12 13 14 15 16 17 18 19 20 21 22 23 24 25 26 27 28 29 0
10 0 30 31 32 33 34 35 36 37 38 39 40 41 42 43 44 45 46 47 48 49 50 51 52 53 54 55 56 57 58 59 60 0
4 0 61 62 63 64 65 66 67 68 69 70 71 72 73 74 75 76 77 0
9 0 78 79 80 81 82 83 84 85 86 87 88 89 90 91 92 93 94 0
5 0 95 96 97 98 99 0
Best solution:
5
2 0 50 68 69 70 5 6 7 8 9 10 11 67 54 56 57 44 45 46 83 84 33 77 0
10 0 30 31 75 76 2 52 36 37 38 39 40 55 14 15 16 17 18 19 20 43 58 59 24 96 49 1 79 29 0
4 0 61 62 63 27 28 35 53 51 3 4 71 72 73 74 32 85 98 99 0
9 0 64 34 80 81 82 47 48 97 86 87 88 89 90 91 92 93 94 0
5 0 95 25 26 78 65 66 12 13 41 42 21 22 23 60 0
Details of initial solution:
Target function value = 946.017616835898
Total travel time = 5494.17616835898
Total penalty = 38
Total vehicle cost = 2446
Details of best solution:
Target function value = 572.888425336898
Total travel time = 3202.88425336898
Total penalty = 2
Total vehicle cost = 2446
