Initial Solution:
5
1 0 1 2 3 4 5 6 7 8 9 10 11 12 13 14 15 16 17 18 19 20 21 22 23 24 25 26 27 28 0
4 0 29 30 31 32 33 34 35 36 37 38 39 40 41 42 43 44 45 46 47 48 49 50 51 52 53 54 0
10 0 55 56 57 58 59 60 61 62 63 64 65 66 67 68 69 70 71 72 73 74 75 76 77 78 79 80 81 0
8 0 82 83 84 85 86 87 88 89 90 91 92 93 94 95 96 97 98 0
3 0 99 0
Best solution:
5
1 0 16 17 3 4 8 9 10 12 13 5 14 15 7 11 6 41 42 43 47 48 56 58 59 50 46 53 49 55 54 0
4 0 23 29 25 24 33 35 39 34 36 37 38 40 1 2 21 18 20 22 19 30 31 32 26 27 28 0
10 0 51 57 44 45 52 60 95 86 97 78 96 89 64 71 70 68 75 73 74 83 79 82 80 84 81 0
8 0 72 65 76 87 92 88 91 93 90 77 85 61 62 69 66 67 63 94 98 0
3 0 99 0
Details of initial solution:
Target function value = 365.224279582711
Total travel time = 1179.94279582711
Total penalty = 42
Total vehicle cost = 2641
Details of best solution:
Target function value = 240.328688055429
Total travel time = 1050.98688055429
Total penalty = 14
Total vehicle cost = 2641
