Initial Solution:
5
2 0 1 2 3 4 5 6 7 8 9 10 11 12 13 14 15 16 17 18 19 20 21 22 23 24 25 26 27 28 29 30 31 0
10 0 32 33 34 35 36 37 38 39 40 41 42 43 44 45 46 47 48 49 50 51 52 53 54 55 56 57 0
4 0 58 59 60 61 62 63 64 65 66 67 68 69 70 71 72 73 74 75 76 0
9 0 77 78 79 80 81 82 83 84 85 86 87 88 89 90 0
5 0 91 92 93 94 95 96 97 98 99 0
Best solution:
5
2 0 17 9 15 33 5 36 43 37 34 58 35 38 41 59 44 42 47 45 46 48 66 54 40 55 60 56 61 65 57 0
10 0 11 6 4 8 7 12 25 30 32 16 13 18 14 1 20 2 22 23 26 19 21 24 29 10 3 27 28 31 0
4 0 51 39 49 50 64 52 62 63 53 67 97 80 69 89 75 99 0
9 0 84 94 68 81 85 87 72 79 92 70 91 74 71 96 76 0
5 0 82 83 86 78 93 77 98 73 95 88 90 0
Details of initial solution:
Target function value = 286.554848494836
Total travel time = 1771.74848494836
Total penalty = 9
Total vehicle cost = 2446
Details of best solution:
Target function value = 166.305401122883
Total travel time = 929.25401122883
Total penalty = 0
Total vehicle cost = 2446
