Initial Solution:
5
1 0 1 2 3 4 5 6 7 8 9 10 11 12 13 14 15 16 17 18 19 20 21 22 23 24 25 26 27 28 0
4 0 29 30 31 32 33 34 35 36 37 38 39 40 41 42 43 44 45 46 47 48 49 50 51 52 53 54 0
10 0 55 56 57 58 59 60 61 62 63 64 65 66 67 68 69 70 71 72 73 74 75 76 77 78 79 80 81 0
8 0 82 83 84 85 86 87 88 89 90 91 92 93 94 95 96 97 98 0
3 0 99 0
Best solution:
5
1 0 1 2 40 43 44 38 45 37 41 6 10 12 13 14 15 17 25 20 22 18 16 23 19 21 24 26 27 28 0
4 0 29 30 31 34 42 35 33 39 32 36 3 4 8 7 11 9 5 63 73 62 74 68 53 49 55 54 0
10 0 50 56 58 51 57 48 59 60 52 46 47 70 71 64 61 69 65 72 75 66 76 67 95 83 97 98 0
8 0 79 86 82 85 78 89 90 91 92 87 88 93 94 77 96 84 80 81 0
3 0 99 0
Details of initial solution:
Target function value = 225.224279582711
Total travel time = 1179.94279582711
Total penalty = 7
Total vehicle cost = 2641
Details of best solution:
Target function value = 175.395790562407
Total travel time = 961.657905624074
Total penalty = 0
Total vehicle cost = 2641
