Initial Solution:
4
10 0 1 2 3 4 5 6 7 8 9 10 11 12 13 14 15 16 17 18 19 20 21 22 23 24 25 26 27 28 29 30 31 32 0
3 0 33 34 35 36 37 38 39 40 41 42 43 44 45 46 47 48 49 50 51 52 53 54 55 56 57 58 59 60 61 62 63 0
5 0 64 65 66 67 68 69 70 71 72 73 74 75 76 77 78 79 80 81 82 83 84 85 86 87 88 89 90 91 92 93 94 95 96 97 0
7 0 98 99 0
Best solution:
4
10 0 1 2 25 15 16 26 27 36 9 10 11 12 13 21 22 23 17 18 19 58 70 92 52 53 74 75 76 77 78 79 99 0
3 0 33 34 7 38 43 44 39 40 41 4 5 6 45 46 47 89 49 50 71 72 73 54 55 56 68 69 59 60 61 62 63 0
4 0 64 65 66 67 57 20 82 83 84 24 3 42 35 28 29 30 31 32 0
7 0 98 80 81 14 37 8 85 86 87 88 48 90 91 51 93 94 95 96 97 0
Details of initial solution:
Target function value = 849.573737909296
Total travel time = 3690.73737909296
Total penalty = 48
Total vehicle cost = 2885
Details of best solution:
Target function value = 529.046237867637
Total travel time = 2156.46237867637
Total penalty = 11
Total vehicle cost = 2694
