N=100, M=11, random seed=18, case type=5 (locations: combined, time windows: moderate, vehicle capacities: equal)

Vehicle
Number			Capacities
11			648 648 648 648 648 648 648 648 648 648 648 



1 12 9 15 291 789 90
2 60 13 15 262 796 90
3 97 47 15 333 826 90
4 75 11 15 230 756 90
5 55 12 15 404 891 90
6 27 42 15 266 741 90
7 79 0 15 50 529 90
8 26 3 15 462 916 90
9 61 15 15 146 676 90
10 84 51 30 158 708 90
11 82 23 15 160 681 90
12 43 92 30 347 872 90
13 75 16 30 241 797 90
14 17 32 30 252 796 90
15 61 12 30 114 643 90
16 64 46 30 464 949 90
17 65 14 15 280 841 90
18 83 70 15 2 491 90
19 83 27 30 353 835 90
20 2 93 15 18 466 90
21 87 13 30 499 994 90
22 66 16 30 154 690 90
23 67 18 15 118 557 90
24 3 33 30 345 810 90
25 88 5 15 329 840 90
26 49 84 30 215 664 90
27 92 81 30 168 609 90
28 72 7 30 79 548 90
29 73 4 30 21 567 90
30 38 64 15 440 952 90
31 47 91 30 73 609 90
32 82 4 15 72 603 90
33 58 15 30 206 694 90
34 3 66 30 349 850 90
35 83 86 15 62 584 90
36 -1 0 30 31 529 90
37 19 30 15 464 930 90
38 -8 -3 15 310 858 90
39 58 20 15 186 690 90
40 -17 -9 15 353 880 90
41 86 60 30 112 590 90
42 -6 -1 30 27 584 90
43 -16 -4 30 539 995 90
44 76 72 15 315 861 90
45 -11 -6 30 137 622 90
46 74 83 15 169 623 90
47 -9 -4 15 100 547 90
48 77 18 15 162 629 90
49 9 3 15 342 809 90
50 59 60 15 273 825 90
51 9 4 30 246 770 90
52 15 17 15 204 762 90
53 96 98 15 16 477 90
54 -16 -8 15 86 544 90
55 2 42 30 290 779 90
56 0 0 15 241 754 90
57 -3 -2 30 447 925 90
58 12 38 15 285 794 90
59 -3 0 15 370 832 90
60 59 80 15 233 671 90
61 61 47 30 406 909 90
62 -1 0 30 215 692 90
63 81 33 30 77 638 90
64 0 0 30 19 579 90
65 76 79 30 282 798 90
66 -16 -7 15 453 946 90
67 75 7 15 55 548 90
68 27 32 30 449 893 90
69 71 87 15 266 734 90
70 22 22 15 52 598 90
71 18 26 15 328 868 90
72 88 23 15 430 902 90
73 33 33 30 305 824 90
74 57 14 30 97 656 90
75 29 49 15 320 833 90
76 52 36 30 301 752 90
77 30 32 15 247 763 90
78 65 83 30 485 933 90
79 28 28 30 299 761 90
80 15 87 30 4 499 90
81 26 32 30 66 509 90
82 62 46 15 412 915 90
83 27 44 30 393 846 90
84 52 68 15 122 565 90
85 24 33 15 353 891 90
86 77 7 30 363 842 90
87 25 31 30 411 949 90
88 75 55 15 398 908 90
89 37 41 30 248 752 90
90 46 74 15 170 701 90
91 20 24 30 410 872 90
92 25 25 30 494 986 90
93 22 38 30 451 948 90
94 34 40 15 498 967 90
95 35 43 30 94 535 90
96 21 27 15 336 849 90
97 32 28 30 484 926 90
98 33 33 15 391 837 90
99 26 46 15 243 704 90
0 54 60 10 0 1000 0
