N=100, M=11, random seed=19, case type=20 (locations: combined, time windows: narrow, vehicle capacities: totally random)

Vehicle
Number			Capacities
11			54 291 679 36 713 132 639 655 412 199 349 



1 65 39 15 333 526 90
2 42 7 15 75 311 90
3 44 5 30 704 935 90
4 27 28 15 309 556 90
5 30 0 30 519 758 90
6 37 4 30 187 390 90
7 19 67 15 441 709 90
8 44 1 15 44 262 90
9 38 2 15 386 580 90
10 46 79 15 346 552 90
11 40 2 15 668 920 90
12 33 3 15 590 784 90
13 33 1 30 348 646 90
14 74 9 30 523 736 90
15 39 0 15 586 852 90
16 66 13 15 467 661 90
17 0 73 30 501 775 90
18 67 14 15 187 488 90
19 64 12 15 624 816 90
20 69 10 30 537 742 90
21 89 95 15 43 348 90
22 94 7 30 752 979 90
23 65 15 30 292 492 90
24 54 7 30 326 636 90
25 65 10 30 346 574 90
26 59 8 30 4 262 90
27 74 3 30 774 975 90
28 60 9 30 112 381 90
29 64 17 15 507 739 90
30 57 46 15 675 888 90
31 61 16 30 586 862 90
32 44 22 30 440 724 90
33 81 4 15 398 664 90
34 43 16 30 713 967 90
35 67 30 30 709 982 90
36 42 17 15 229 419 90
37 39 17 15 365 594 90
38 38 18 15 341 589 90
39 9 37 30 57 316 90
40 35 14 30 386 652 90
41 80 78 30 548 798 90
42 45 21 30 142 371 90
43 34 16 15 35 251 90
44 44 53 15 550 796 90
45 39 19 30 614 805 90
46 31 23 15 263 563 90
47 45 66 30 212 470 90
48 28 25 30 95 402 90
49 38 28 30 545 768 90
50 26 46 15 431 661 90
51 23 22 30 25 315 90
52 36 26 15 252 537 90
53 32 23 30 217 458 90
54 86 85 15 460 731 90
55 38 29 30 154 401 90
56 14 97 30 210 469 90
57 25 22 30 549 740 90
58 35 65 30 754 985 90
59 31 29 15 447 693 90
60 35 28 30 447 682 90
61 13 22 15 648 844 90
62 11 81 30 649 951 90
63 8 13 15 516 712 90
64 13 22 30 35 311 90
65 13 58 30 261 512 90
66 14 19 15 690 899 90
67 69 36 15 50 329 90
68 15 21 30 340 614 90
69 14 21 15 684 989 90
70 18 23 30 677 958 90
71 39 85 15 644 878 90
72 17 23 15 645 863 90
73 10 15 15 491 701 90
74 28 53 30 682 912 90
75 16 20 15 685 988 90
76 14 20 30 504 774 90
77 70 1 15 586 813 90
78 9 23 15 16 264 90
79 10 27 30 681 882 90
80 40 18 30 611 834 90
81 5 14 15 461 719 90
82 82 9 30 105 308 90
83 11 27 15 569 761 90
84 5 18 15 714 970 90
85 8 25 30 611 920 90
86 28 15 15 395 587 90
87 5 12 30 314 605 90
88 96 65 30 178 392 90
89 9 22 15 74 331 90
90 5 21 15 322 602 90
91 7 16 15 644 868 90
92 4 14 15 419 621 90
93 6 20 15 349 621 90
94 6 21 30 724 981 90
95 11 27 15 500 759 90
96 7 21 30 72 304 90
97 9 27 30 701 976 90
98 8 26 30 576 810 90
99 8 23 30 84 361 90
0 56 49 10 0 1000 0
