N=100, M=11, random seed=17, case type=18 (locations: random, time windows: narrow, vehicle capacities: totally random)

Vehicle
Number			Capacities
11			649 663 386 588 165 75 598 497 489 708 445 



1 60 80 30 614 866 90
2 18 88 15 336 647 90
3 52 97 15 412 630 90
4 54 81 30 509 712 90
5 31 31 30 422 692 90
6 64 0 30 642 860 90
7 13 89 15 114 352 90
8 1 86 30 468 773 90
9 36 46 30 696 989 90
10 22 24 30 603 891 90
11 46 93 15 698 926 90
12 41 57 15 159 469 90
13 11 96 15 52 272 90
14 61 55 15 46 242 90
15 84 19 30 227 531 90
16 76 12 30 290 538 90
17 80 46 15 313 611 90
18 38 97 30 30 253 90
19 59 58 30 368 596 90
20 67 82 15 55 279 90
21 86 30 30 702 935 90
22 30 7 30 329 556 90
23 60 90 30 395 604 90
24 38 53 15 101 386 90
25 28 52 15 597 851 90
26 63 17 30 288 599 90
27 10 60 15 55 260 90
28 82 41 30 460 716 90
29 38 8 30 541 832 90
30 18 81 30 138 354 90
31 55 43 15 52 296 90
32 83 74 15 247 521 90
33 71 53 15 685 884 90
34 98 15 15 667 970 90
35 98 42 30 639 933 90
36 34 9 15 287 518 90
37 61 96 15 537 811 90
38 27 57 15 308 555 90
39 8 3 30 412 673 90
40 95 92 30 613 808 90
41 92 42 15 723 946 90
42 74 82 15 105 357 90
43 89 44 30 55 284 90
44 8 92 30 643 861 90
45 54 11 15 470 768 90
46 12 83 30 440 653 90
47 84 4 30 88 307 90
48 50 57 30 220 484 90
49 57 28 30 764 979 90
50 92 75 30 245 474 90
51 36 75 30 612 870 90
52 12 5 30 489 711 90
53 12 24 30 470 713 90
54 83 44 30 290 567 90
55 66 52 15 105 366 90
56 77 72 15 225 416 90
57 77 95 15 336 611 90
58 90 11 30 367 665 90
59 1 41 30 414 669 90
60 23 17 30 13 202 90
61 24 97 30 77 340 90
62 7 72 15 153 349 90
63 2 42 15 574 849 90
64 70 99 30 463 666 90
65 38 0 30 142 345 90
66 33 84 15 485 696 90
67 81 79 30 579 794 90
68 39 14 30 360 571 90
69 50 46 30 653 921 90
70 73 10 30 515 788 90
71 88 89 15 649 880 90
72 6 58 15 587 803 90
73 95 58 30 677 944 90
74 86 75 15 557 850 90
75 40 7 30 72 287 90
76 60 51 15 475 756 90
77 28 68 30 222 529 90
78 80 41 15 337 612 90
79 97 85 30 63 345 90
80 90 57 15 458 760 90
81 52 28 15 107 356 90
82 42 82 15 320 542 90
83 52 31 15 287 592 90
84 12 37 15 779 974 90
85 24 95 15 340 561 90
86 26 99 15 459 755 90
87 83 90 30 212 507 90
88 53 45 15 558 829 90
89 6 7 15 221 517 90
90 69 9 30 579 835 90
91 65 5 15 232 536 90
92 54 33 15 24 256 90
93 97 97 15 403 643 90
94 86 8 15 658 926 90
95 67 15 15 586 777 90
96 32 55 15 408 682 90
97 33 70 30 23 330 90
98 75 7 30 161 374 90
99 30 98 30 608 866 90
0 57 43 10 0 1000 0
