Initial Solution:
4
1 0 1 2 3 4 5 6 7 8 9 10 11 12 13 14 15 16 17 18 19 20 21 22 23 24 25 26 27 28 29 30 31 0
4 0 32 33 34 35 36 37 38 39 40 41 42 43 44 45 46 47 48 49 50 51 52 53 54 55 56 57 58 59 60 61 0
10 0 62 63 64 65 66 67 68 69 70 71 72 73 74 75 76 77 78 79 80 81 82 83 84 85 86 87 88 89 90 91 92 93 0
8 0 94 95 96 97 98 99 0
Best solution:
4
10 0 52 58 51 1 2 3 4 8 11 9 10 12 13 14 15 26 25 20 22 18 16 19 42 32 33 41 43 28 29 30 31 0
2 0 23 24 34 36 37 38 35 39 27 17 21 44 45 40 6 7 5 60 61 0
9 0 63 81 88 92 80 87 73 65 70 57 47 53 46 48 56 59 54 55 49 50 66 99 0
8 0 72 76 98 97 86 95 94 96 89 74 64 71 62 69 68 75 67 77 78 82 83 79 85 90 91 84 93 0
Details of initial solution:
Target function value = 364.241658939627
Total travel time = 1094.71658939627
Total penalty = 43
Total vehicle cost = 2759
Details of best solution:
Target function value = 227.4803904007
Total travel time = 1006.803904007
Total penalty = 14
Total vehicle cost = 2360
