Initial Solution:
4
5 0 1 2 3 4 5 6 7 8 9 10 11 12 13 14 15 16 17 18 19 20 21 22 23 24 25 26 27 28 29 30 31 32 33 0
3 0 34 35 36 37 38 39 40 41 42 43 44 45 46 47 48 49 50 51 52 53 54 55 56 57 58 59 60 61 62 63 0
8 0 64 65 66 67 68 69 70 71 72 73 74 75 76 77 78 79 80 81 82 83 84 85 86 87 88 89 90 91 92 93 94 95 96 0
7 0 97 98 99 0
Best solution:
4
4 0 1 2 3 81 64 8 9 68 4 5 6 12 13 14 77 44 17 98 99 0
1 0 34 35 49 50 51 39 40 22 23 24 25 18 19 20 29 30 31 32 33 0
8 0 82 88 54 21 41 56 10 71 7 65 59 60 76 15 16 45 80 86 87 83 84 85 69 70 11 89 90 91 92 93 94 95 96 0
7 0 97 26 27 28 67 55 42 43 78 79 46 47 48 36 37 38 52 53 72 73 66 57 58 74 75 61 62 63 0
Details of initial solution:
Target function value = 931.32994779607
Total travel time = 3616.2994779607
Total penalty = 70
Total vehicle cost = 2897
Details of best solution:
Target function value = 596.317453623704
Total travel time = 2423.17453623704
Total penalty = 27
Total vehicle cost = 2460
