N=100, M=11, random seed=18, case type=1 (locations: clustered, time windows: narrow, vehicle capacities: equal)

Vehicle
Number			Capacities
11			520 520 520 520 520 520 520 520 520 520 520 



1 61 2 15 98 394 90
2 60 13 15 719 926 90
3 66 5 15 495 806 90
4 75 11 15 683 993 90
5 55 12 15 421 713 90
6 75 25 30 113 366 90
7 79 0 15 619 872 90
8 77 3 15 546 740 90
9 61 15 15 483 683 90
10 67 2 15 198 420 90
11 82 23 15 69 267 90
12 81 2 30 459 750 90
13 75 16 30 669 927 90
14 63 0 15 102 362 90
15 61 12 30 414 632 90
16 78 6 15 128 401 90
17 65 14 15 147 394 90
18 63 8 15 253 456 90
19 83 27 30 402 679 90
20 58 4 30 522 802 90
21 81 24 30 628 880 90
22 66 16 30 675 950 90
23 67 18 15 680 948 90
24 77 8 15 437 685 90
25 88 5 15 402 686 90
26 68 18 15 498 741 90
27 71 8 30 351 627 90
28 72 7 30 601 838 90
29 73 4 30 394 619 90
30 83 3 30 74 303 90
31 72 21 30 673 877 90
32 82 4 15 224 504 90
33 58 15 30 245 545 90
34 -18 -5 30 244 515 90
35 -16 -7 30 530 805 90
36 -1 0 30 378 684 90
37 -18 -6 15 390 684 90
38 -8 -3 15 175 454 90
39 9 3 15 690 925 90
40 -17 -9 15 439 750 90
41 -6 -2 30 3 242 90
42 -6 -1 30 524 756 90
43 -16 -4 30 27 225 90
44 -2 0 30 747 992 90
45 -11 -6 30 237 523 90
46 -11 -5 30 171 360 90
47 -9 -4 15 507 722 90
48 -12 -2 15 497 758 90
49 9 3 15 313 512 90
50 8 2 15 243 434 90
51 9 4 30 117 336 90
52 0 0 30 33 329 90
53 -1 0 30 665 927 90
54 -16 -8 15 113 399 90
55 -14 -7 15 111 392 90
56 0 0 15 307 545 90
57 -3 -2 30 524 775 90
58 -17 -7 30 94 366 90
59 -3 0 15 47 295 90
60 -4 -1 30 681 897 90
61 4 1 15 481 779 90
62 -1 0 30 280 534 90
63 -1 0 30 540 817 90
64 0 0 30 166 394 90
65 8 1 15 42 349 90
66 -16 -7 15 786 992 90
67 28 25 15 489 785 90
68 27 32 30 204 439 90
69 44 38 15 247 451 90
70 22 22 15 146 343 90
71 18 26 15 238 455 90
72 27 27 15 503 720 90
73 33 33 30 425 727 90
74 18 25 30 375 649 90
75 29 49 15 319 627 90
76 20 27 15 24 235 90
77 30 32 15 125 333 90
78 23 37 15 432 671 90
79 28 28 30 365 628 90
80 35 33 30 661 889 90
81 26 32 30 430 689 90
82 39 47 30 543 755 90
83 27 44 30 337 525 90
84 38 45 30 611 864 90
85 24 33 15 317 544 90
86 25 38 30 122 433 90
87 25 31 30 31 341 90
88 33 48 30 428 694 90
89 37 41 30 676 919 90
90 32 52 30 82 325 90
91 20 24 30 652 846 90
92 25 25 30 391 609 90
93 22 38 30 82 378 90
94 34 40 15 507 797 90
95 35 43 30 634 856 90
96 21 27 15 464 733 90
97 32 28 30 153 462 90
98 33 33 15 484 747 90
99 26 46 15 439 640 90
0 53 50 10 0 1000 0
