Initial Solution:
4
1 0 1 2 3 4 5 6 7 8 9 10 11 12 13 14 15 16 17 18 19 20 21 22 23 24 25 26 27 28 29 30 31 0
2 0 32 33 34 35 36 37 38 39 40 41 42 43 44 45 46 47 48 49 50 51 52 53 54 55 56 57 58 59 60 61 62 0
3 0 63 64 65 66 67 68 69 70 71 72 73 74 75 76 77 78 79 80 81 82 83 84 85 86 87 88 89 90 91 92 93 94 95 96 0
4 0 97 98 99 0
Best solution:
4
1 0 1 2 3 4 5 6 7 8 9 10 11 12 13 14 15 16 17 18 19 20 21 22 23 24 25 26 27 28 29 30 31 0
2 0 32 33 34 35 36 37 38 39 40 41 42 43 44 45 46 47 48 49 50 51 52 53 54 55 56 57 65 66 67 61 62 0
3 0 63 64 58 59 60 68 69 70 71 72 73 74 75 76 77 78 79 80 81 82 83 84 85 99 0
4 0 97 98 86 87 88 89 90 91 92 93 94 95 96 0
Details of initial solution:
Target function value = 573.118735246237
Total travel time = 1083.18735246237
Total penalty = 44
Total vehicle cost = 2888
Details of best solution:
Target function value = 538.159639337727
Total travel time = 1093.59639337726
Total penalty = 35
Total vehicle cost = 2888
