N=100, M=11, random seed=17, case type=7 (locations: clustered, time windows: wide, vehicle capacities: equal)

Vehicle
Number			Capacities
11			717 717 717 717 717 717 717 717 717 717 717 



1 40 1 15 203 955 90
2 36 1 15 92 903 90
3 39 3 30 148 866 90
4 34 1 15 189 892 90
5 42 0 30 133 903 90
6 40 1 15 231 949 90
7 39 3 30 39 777 90
8 35 3 15 131 936 90
9 41 0 30 203 996 90
10 33 2 15 179 967 90
11 32 1 30 246 974 90
12 33 1 15 43 853 90
13 96 13 15 18 738 90
14 94 15 30 17 713 90
15 95 10 30 64 868 90
16 95 7 30 97 845 90
17 92 7 30 90 888 90
18 88 11 30 10 733 90
19 95 10 30 129 857 90
20 89 11 30 19 743 90
21 88 10 30 244 977 90
22 90 8 15 116 843 90
23 91 13 30 145 854 90
24 92 14 15 30 815 90
25 93 12 15 196 950 90
26 60 14 30 79 890 90
27 56 17 15 20 725 90
28 53 13 30 150 906 90
29 56 15 30 159 950 90
30 51 13 15 50 766 90
31 51 16 15 17 761 90
32 58 18 15 77 851 90
33 56 16 15 257 956 90
34 58 16 15 188 991 90
35 55 19 30 186 980 90
36 54 16 30 100 831 90
37 57 19 30 167 941 90
38 53 15 30 103 850 90
39 5 3 15 133 894 90
40 9 4 30 232 927 90
41 6 3 15 257 980 90
42 4 2 30 34 786 90
43 9 5 30 19 748 90
44 6 3 15 232 950 90
45 10 6 15 135 933 90
46 1 0 30 160 873 90
47 10 4 15 31 750 90
48 6 3 15 70 834 90
49 7 3 30 277 992 90
50 4 1 15 86 815 90
51 42 32 30 199 957 90
52 43 31 30 175 897 90
53 50 35 15 159 902 90
54 44 30 15 89 866 90
55 41 34 30 34 795 90
56 48 32 15 86 777 90
57 44 32 30 104 879 90
58 42 34 15 105 903 90
59 41 34 30 136 891 90
60 49 38 30 5 694 90
61 34 38 30 25 788 90
62 35 39 30 58 754 90
63 37 39 15 178 953 90
64 40 40 15 172 875 90
65 36 36 15 53 756 90
66 37 41 30 177 888 90
67 40 43 30 210 925 90
68 36 36 30 132 843 90
69 33 38 15 207 975 90
70 37 44 30 160 933 90
71 35 41 15 227 958 90
72 37 58 15 212 928 90
73 38 61 30 215 982 90
74 37 62 30 163 956 90
75 37 52 15 26 741 90
76 39 62 15 144 925 90
77 40 55 15 61 868 90
78 38 61 15 104 879 90
79 37 64 30 19 801 90
80 37 54 15 130 932 90
81 39 62 15 35 784 90
82 40 59 15 114 836 90
83 33 69 30 80 885 90
84 27 67 30 295 990 90
85 31 72 30 121 842 90
86 30 76 30 133 929 90
87 27 76 30 61 856 90
88 30 69 30 175 946 90
89 29 77 30 64 860 90
90 28 69 15 190 946 90
91 29 70 15 65 869 90
92 26 70 30 8 740 90
93 33 73 30 138 878 90
94 34 75 30 208 976 90
95 13 57 30 223 914 90
96 16 55 15 127 901 90
97 14 54 15 6 813 90
98 14 60 15 58 771 90
99 11 61 30 198 956 90
0 57 43 10 0 1000 0
