N=100, M=11, random seed=19, case type=9 (locations: random, time windows: narrow, vehicle capacities: moderately random)

Vehicle
Number			Capacities
11			722 508 622 710 611 552 556 639 525 688 612 



1 65 39 15 100 349 90
2 61 78 15 186 408 90
3 41 97 15 337 542 90
4 27 28 15 624 878 90
5 69 35 15 693 893 90
6 89 84 30 472 778 90
7 19 67 15 661 902 90
8 50 20 30 445 694 90
9 56 74 15 359 599 90
10 46 79 15 473 751 90
11 20 45 30 471 687 90
12 46 27 30 55 322 90
13 76 32 30 374 633 90
14 74 9 30 357 622 90
15 98 42 30 316 535 90
16 52 80 30 37 246 90
17 0 73 30 299 538 90
18 28 42 15 283 483 90
19 99 14 15 333 634 90
20 37 5 15 315 553 90
21 89 95 15 89 361 90
22 94 7 30 506 723 90
23 36 22 15 180 442 90
24 69 12 30 45 239 90
25 17 44 30 113 360 90
26 34 51 30 391 633 90
27 74 3 30 35 333 90
28 51 45 15 644 922 90
29 76 91 15 153 402 90
30 57 46 15 462 732 90
31 39 39 15 37 324 90
32 55 85 15 518 777 90
33 81 4 15 663 936 90
34 9 16 30 29 250 90
35 67 30 30 103 386 90
36 9 10 30 691 962 90
37 77 65 30 255 450 90
38 40 63 15 71 379 90
39 9 37 30 760 993 90
40 11 17 15 247 493 90
41 80 78 30 431 674 90
42 94 29 30 86 274 90
43 24 61 30 456 764 90
44 44 53 15 287 494 90
45 43 65 30 150 419 90
46 37 83 15 502 796 90
47 45 66 30 553 841 90
48 4 80 30 463 727 90
49 51 98 30 399 654 90
50 26 46 15 478 784 90
51 63 69 30 13 322 90
52 18 29 15 260 483 90
53 80 73 15 367 613 90
54 86 85 15 435 679 90
55 38 33 15 506 703 90
56 14 97 30 376 629 90
57 14 71 30 243 521 90
58 35 65 30 180 390 90
59 34 75 30 382 575 90
60 95 43 15 22 300 90
61 97 98 15 650 932 90
62 11 81 30 433 667 90
63 61 24 15 749 972 90
64 49 56 15 225 430 90
65 13 58 30 248 523 90
66 33 65 15 615 872 90
67 69 36 15 632 824 90
68 77 11 30 330 561 90
69 93 27 15 521 744 90
70 35 84 30 353 619 90
71 39 85 15 454 667 90
72 69 88 30 23 246 90
73 33 26 30 257 529 90
74 28 53 30 327 636 90
75 61 65 15 285 546 90
76 43 21 15 50 310 90
77 70 1 15 659 946 90
78 51 25 15 48 351 90
79 29 20 30 525 792 90
80 40 18 30 410 604 90
81 79 25 15 131 362 90
82 82 9 30 516 812 90
83 80 44 30 561 757 90
84 93 99 15 714 960 90
85 95 40 30 520 830 90
86 28 15 15 260 564 90
87 59 49 15 176 468 90
88 96 65 30 128 418 90
89 44 87 30 254 519 90
90 23 39 30 655 952 90
91 1 92 15 459 768 90
92 97 49 15 230 503 90
93 32 79 30 353 635 90
94 44 63 30 88 278 90
95 37 76 15 200 493 90
96 70 56 30 406 691 90
97 24 1 15 90 355 90
98 39 80 30 27 231 90
99 47 82 30 399 674 90
0 61 61 10 0 1000 0
