Initial Solution:
4
1 0 1 2 3 4 5 6 7 8 9 10 11 12 13 14 15 16 17 18 19 20 21 22 23 24 25 26 27 28 29 30 31 32 33 0
2 0 34 35 36 37 38 39 40 41 42 43 44 45 46 47 48 49 50 51 52 53 54 55 56 57 58 59 60 61 62 63 0
3 0 64 65 66 67 68 69 70 71 72 73 74 75 76 77 78 79 80 81 82 83 84 85 86 87 88 89 90 91 92 93 94 95 0
4 0 96 97 98 99 0
Best solution:
4
1 0 1 38 87 55 90 25 51 37 2 3 89 56 57 58 59 70 71 62 91 7 27 82 83 30 31 32 33 0
2 0 34 35 36 52 86 39 40 73 74 43 44 45 46 47 66 67 68 19 69 75 76 77 24 63 0
3 0 64 65 48 17 18 20 97 50 26 8 9 10 11 12 28 4 5 16 49 98 99 0
4 0 96 21 61 72 41 42 60 22 23 78 79 80 81 13 14 15 85 53 54 88 29 84 6 92 93 94 95 0
Details of initial solution:
Target function value = 1060.87331614096
Total travel time = 4760.73316140957
Total penalty = 74
Total vehicle cost = 2888
Details of best solution:
Target function value = 708.701365560561
Total travel time = 2879.01365560561
Total penalty = 33
Total vehicle cost = 2888
