N=100, M=11, random seed=18, case type=12 (locations: random, time windows: moderate, vehicle capacities: moderately random)

Vehicle
Number			Capacities
11			520 720 550 639 616 502 511 529 632 708 530 



1 12 9 15 63 609 90
2 40 33 15 492 949 90
3 97 47 15 315 876 90
4 91 55 30 436 996 90
5 0 83 30 272 814 90
6 27 42 15 75 578 90
7 16 28 15 412 915 90
8 26 3 15 376 820 90
9 46 10 15 332 782 90
10 84 51 30 134 606 90
11 83 19 30 47 495 90
12 43 92 30 297 838 90
13 94 64 15 444 952 90
14 17 32 30 67 577 90
15 41 31 15 282 750 90
16 64 46 30 84 607 90
17 90 60 30 98 595 90
18 83 70 15 174 627 90
19 79 86 15 263 790 90
20 2 93 15 341 871 90
21 87 13 30 418 920 90
22 62 7 15 442 967 90
23 98 56 30 448 966 90
24 3 33 30 291 789 90
25 72 98 30 262 796 90
26 49 84 30 333 826 90
27 92 81 30 230 756 90
28 67 93 30 404 891 90
29 7 0 15 266 741 90
30 38 64 15 50 529 90
31 47 91 30 462 916 90
32 19 29 15 146 676 90
33 76 79 15 158 708 90
34 3 66 30 160 681 90
35 83 86 15 347 872 90
36 72 10 30 241 797 90
37 19 30 15 252 796 90
38 34 10 15 114 643 90
39 58 20 15 464 949 90
40 3 55 15 280 841 90
41 86 60 30 2 491 90
42 84 56 15 353 835 90
43 6 53 30 18 466 90
44 76 72 15 499 994 90
45 49 88 15 154 690 90
46 74 83 15 118 557 90
47 64 35 30 345 810 90
48 77 18 15 329 840 90
49 4 13 30 215 664 90
50 59 60 15 168 609 90
51 99 72 15 79 548 90
52 15 17 15 21 567 90
53 96 98 15 440 952 90
54 84 65 30 73 609 90
55 2 42 30 72 603 90
56 96 84 15 206 694 90
57 96 83 15 349 850 90
58 12 38 15 62 584 90
59 17 8 15 31 529 90
60 59 80 15 464 930 90
61 61 47 30 310 858 90
62 59 76 15 186 690 90
63 81 33 30 353 880 90
64 9 78 30 112 590 90
65 76 79 30 27 584 90
66 33 75 30 539 995 90
67 75 7 15 315 861 90
68 58 63 30 137 622 90
69 71 87 15 169 623 90
70 4 97 15 100 547 90
71 63 37 15 162 629 90
72 88 23 15 342 809 90
73 64 42 30 273 825 90
74 57 14 30 246 770 90
75 51 86 15 204 762 90
76 52 36 30 16 477 90
77 49 84 15 86 544 90
78 65 83 30 290 779 90
79 13 2 30 241 754 90
80 15 87 30 447 925 90
81 66 77 15 285 794 90
82 62 46 15 370 832 90
83 66 87 30 233 671 90
84 52 68 15 406 909 90
85 10 17 30 215 692 90
86 77 7 30 77 638 90
87 71 19 30 19 579 90
88 75 55 15 282 798 90
89 75 97 30 453 946 90
90 46 74 15 55 548 90
91 33 49 30 449 893 90
92 75 91 15 266 734 90
93 14 88 15 52 598 90
94 65 86 15 328 868 90
95 2 96 15 430 902 90
96 1 55 30 305 824 90
97 79 35 30 97 656 90
98 7 43 30 320 833 90
99 39 90 15 301 752 90
0 53 50 10 0 1000 0
