Initial Solution:
5
1 0 1 2 3 4 5 6 7 8 9 10 11 12 13 14 15 16 17 18 19 20 21 22 23 24 25 26 27 28 29 30 0
4 0 31 32 33 34 35 36 37 38 39 40 41 42 43 44 45 46 47 48 49 50 51 52 53 54 55 56 0
10 0 57 58 59 60 61 62 63 64 65 66 67 68 69 70 71 72 73 74 75 76 77 78 79 80 81 0
8 0 82 83 84 85 86 87 88 89 90 91 92 93 94 95 96 97 98 0
3 0 99 0
Best solution:
5
1 0 1 50 97 4 5 42 75 76 39 40 73 12 57 58 59 16 17 18 31 32 21 84 85 82 83 22 27 28 29 30 0
4 0 19 33 36 34 20 35 37 38 9 10 11 74 43 44 45 46 47 94 95 96 51 13 14 63 55 56 0
10 0 87 88 15 60 92 93 3 64 65 66 67 68 69 70 71 72 41 6 7 8 77 78 79 80 81 0
8 0 24 25 26 23 86 52 90 91 48 62 89 49 2 61 53 54 98 0
3 0 99 0
Details of initial solution:
Target function value = 968.440863242712
Total travel time = 4923.40863242712
Total penalty = 53
Total vehicle cost = 2641
Details of best solution:
Target function value = 650.648974489677
Total travel time = 3185.48974489677
Total penalty = 17
Total vehicle cost = 2641
