Initial Solution:
4
10 0 1 2 3 4 5 6 7 8 9 10 11 12 13 14 15 16 17 18 19 20 21 22 23 24 25 26 27 28 29 0
2 0 30 31 32 33 34 35 36 37 38 39 40 41 42 43 44 45 46 47 48 49 50 51 52 53 54 55 56 57 0
1 0 58 59 60 61 62 63 64 65 66 67 68 69 70 71 72 73 74 75 76 77 78 79 80 81 82 83 84 85 86 0
7 0 87 88 89 90 91 92 93 94 95 96 97 98 99 0
Best solution:
4
10 0 1 2 36 72 18 82 7 8 44 13 97 11 12 14 15 16 17 41 33 34 35 67 23 93 71 37 76 77 27 46 99 0
2 0 30 31 32 42 20 66 3 4 48 19 43 73 74 40 87 79 80 28 78 88 83 90 91 21 54 55 56 57 0
8 0 58 50 64 61 62 63 51 52 53 22 68 69 70 94 95 26 29 0
7 0 9 10 89 60 65 92 24 25 96 38 39 75 45 81 5 6 98 47 49 59 84 85 86 0
Details of initial solution:
Target function value = 1025.83111372708
Total travel time = 5520.31113727083
Total penalty = 53
Total vehicle cost = 2618
Details of best solution:
Target function value = 595.568793989512
Total travel time = 2929.68793989512
Total penalty = 14
Total vehicle cost = 2466
