Initial Solution:
4
9 0 1 2 3 4 5 6 7 8 9 10 11 12 13 14 15 16 17 18 19 20 21 22 23 24 25 26 27 28 29 30 31 0
4 0 32 33 34 35 36 37 38 39 40 41 42 43 44 45 46 47 48 49 50 51 52 53 54 55 56 57 58 59 60 61 0
2 0 62 63 64 65 66 67 68 69 70 71 72 73 74 75 76 77 78 79 80 81 82 83 84 85 0
8 0 86 87 88 89 90 91 92 93 94 95 96 97 98 99 0
Best solution:
4
9 0 35 63 3 25 7 29 28 13 67 86 32 21 72 19 48 4 22 23 15 9 39 33 5 74 2 17 11 16 82 61 0
1 0 10 76 89 84 60 26 44 65 46 69 53 27 18 41 88 50 90 30 78 31 0
2 0 79 8 49 64 62 36 42 38 47 43 66 54 40 45 57 59 56 1 51 97 98 68 6 75 83 99 0
8 0 12 80 20 34 81 77 73 94 95 93 87 71 52 70 37 14 58 55 24 96 91 92 85 0
Details of initial solution:
Target function value = 879.81710523096
Total travel time = 5821.6710523096
Total penalty = 56
Total vehicle cost = 2455
Details of best solution:
Target function value = 202.628631104483
Total travel time = 1346.18631104483
Total penalty = 0
Total vehicle cost = 2267
