N=100, M=11, random seed=19, case type=3 (locations: random, time windows: moderate, vehicle capacities: equal)

Vehicle
Number			Capacities
11			722 722 722 722 722 722 722 722 722 722 722 



1 65 39 15 67 566 90
2 61 78 15 126 598 90
3 41 97 15 231 686 90
4 27 28 15 415 919 90
5 69 35 15 476 926 90
6 89 84 30 302 858 90
7 19 67 15 443 934 90
8 50 20 30 297 796 90
9 56 74 15 241 731 90
10 46 79 15 309 837 90
11 20 45 30 321 787 90
12 46 27 30 36 553 90
13 76 32 30 247 756 90
14 74 9 30 235 750 90
15 98 42 30 215 684 90
16 52 80 30 25 484 90
17 0 73 30 201 690 90
18 28 42 15 194 644 90
19 99 14 15 213 764 90
20 37 5 15 211 699 90
21 89 95 15 58 580 90
22 94 7 30 344 811 90
23 36 22 15 119 631 90
24 69 12 30 31 475 90
25 17 44 30 75 572 90
26 34 51 30 262 754 90
27 74 3 30 22 570 90
28 51 45 15 421 949 90
29 76 91 15 102 601 90
30 57 46 15 303 823 90
31 39 39 15 24 561 90
32 55 85 15 343 852 90
33 81 4 15 435 958 90
34 9 16 30 19 490 90
35 67 30 30 67 600 90
36 9 10 30 454 975 90
37 77 65 30 176 621 90
38 40 63 15 45 603 90
39 9 37 30 512 995 90
40 11 17 15 165 661 90
41 80 78 30 288 781 90
42 94 29 30 59 497 90
43 24 61 30 291 849 90
44 44 53 15 196 653 90
45 43 65 30 99 618 90
46 37 83 15 324 868 90
47 45 66 30 359 897 90
48 4 80 30 306 820 90
49 51 98 30 265 770 90
50 26 46 15 306 862 90
51 63 69 30 8 567 90
52 18 29 15 176 649 90
53 80 73 15 245 741 90
54 86 85 15 291 785 90
55 38 33 15 348 795 90
56 14 97 30 250 753 90
57 14 71 30 159 687 90
58 35 65 30 123 583 90
59 34 75 30 264 707 90
60 95 43 15 14 542 90
61 97 98 15 424 956 90
62 11 81 30 292 776 90
63 61 24 15 508 981 90
64 49 56 15 154 609 90
65 13 58 30 163 688 90
66 33 65 15 408 915 90
67 69 36 15 437 879 90
68 77 11 30 222 703 90
69 93 27 15 353 826 90
70 35 84 30 232 748 90
71 39 85 15 310 773 90
72 69 88 30 15 488 90
73 33 26 30 169 691 90
74 28 53 30 208 767 90
75 61 65 15 188 699 90
76 43 21 15 33 543 90
77 70 1 15 428 965 90
78 51 25 15 31 584 90
79 29 20 30 346 863 90
80 40 18 30 283 727 90
81 79 25 15 88 569 90
82 82 9 30 333 879 90
83 80 44 30 386 832 90
84 93 99 15 477 973 90
85 95 40 30 332 892 90
86 28 15 15 166 720 90
87 59 49 15 114 656 90
88 96 65 30 83 623 90
89 44 87 30 168 683 90
90 23 39 30 422 969 90
91 1 92 15 293 852 90
92 97 49 15 150 673 90
93 32 79 30 230 762 90
94 44 63 30 61 501 90
95 37 76 15 129 672 90
96 70 56 30 264 799 90
97 24 1 15 59 574 90
98 39 80 30 19 473 90
99 47 82 30 261 786 90
0 61 61 10 0 1000 0
