N=100, M=11, random seed=17, case type=2 (locations: combined, time windows: narrow, vehicle capacities: equal)

Vehicle
Number			Capacities
11			629 629 629 629 629 629 629 629 629 629 629 



1 40 1 15 313 611 90
2 36 1 15 30 253 90
3 52 97 15 368 596 90
4 34 1 15 55 279 90
5 42 0 30 702 935 90
6 64 0 30 329 556 90
7 39 3 30 395 604 90
8 1 86 30 101 386 90
9 41 0 30 597 851 90
10 22 24 30 288 599 90
11 32 1 30 55 260 90
12 33 1 15 460 716 90
13 96 13 15 541 832 90
14 61 55 15 138 354 90
15 95 10 30 52 296 90
16 76 12 30 247 521 90
17 92 7 30 685 884 90
18 88 11 30 667 970 90
19 95 10 30 639 933 90
20 67 82 15 287 518 90
21 88 10 30 537 811 90
22 90 8 15 308 555 90
23 91 13 30 412 673 90
24 38 53 15 613 808 90
25 93 12 15 723 946 90
26 63 17 30 105 357 90
27 56 17 15 55 284 90
28 82 41 30 643 861 90
29 56 15 30 470 768 90
30 51 13 15 440 653 90
31 51 16 15 88 307 90
32 58 18 15 220 484 90
33 71 53 15 764 979 90
34 58 16 15 245 474 90
35 98 42 30 612 870 90
36 54 16 30 489 711 90
37 61 96 15 470 713 90
38 53 15 30 290 567 90
39 5 3 15 105 366 90
40 9 4 30 225 416 90
41 6 3 15 336 611 90
42 74 82 15 367 665 90
43 9 5 30 414 669 90
44 6 3 15 13 202 90
45 54 11 15 77 340 90
46 1 0 30 153 349 90
47 10 4 15 574 849 90
48 50 57 30 463 666 90
49 7 3 30 142 345 90
50 4 1 15 485 696 90
51 36 75 30 579 794 90
52 43 31 30 360 571 90
53 50 35 15 653 921 90
54 83 44 30 515 788 90
55 41 34 30 649 880 90
56 48 32 15 587 803 90
57 77 95 15 677 944 90
58 90 11 30 557 850 90
59 41 34 30 72 287 90
60 49 38 30 475 756 90
61 34 38 30 222 529 90
62 35 39 30 337 612 90
63 2 42 15 63 345 90
64 40 40 15 458 760 90
65 36 36 15 107 356 90
66 33 84 15 320 542 90
67 81 79 30 287 592 90
68 36 36 30 779 974 90
69 33 38 15 340 561 90
70 73 10 30 459 755 90
71 35 41 15 212 507 90
72 37 58 15 558 829 90
73 95 58 30 221 517 90
74 37 62 30 579 835 90
75 37 52 15 232 536 90
76 60 51 15 24 256 90
77 40 55 15 403 643 90
78 38 61 15 658 926 90
79 97 85 30 586 777 90
80 37 54 15 408 682 90
81 39 62 15 23 330 90
82 40 59 15 161 374 90
83 33 69 30 608 866 90
84 12 37 15 162 449 90
85 24 95 15 622 917 90
86 30 76 30 586 837 90
87 27 76 30 78 293 90
88 30 69 30 472 758 90
89 6 7 15 690 958 90
90 28 69 15 328 589 90
91 29 70 15 109 363 90
92 54 33 15 119 395 90
93 33 73 30 175 459 90
94 34 75 30 289 599 90
95 13 57 30 114 396 90
96 16 55 15 382 686 90
97 14 54 15 223 502 90
98 14 60 15 603 876 90
99 11 61 30 372 571 90
0 42 39 10 0 1000 0
