Initial Solution:
4
1 0 1 2 3 4 5 6 7 8 9 10 11 12 13 14 15 16 17 18 19 20 21 22 23 24 25 26 27 28 29 0
2 0 30 31 32 33 34 35 36 37 38 39 40 41 42 43 44 45 46 47 48 49 50 51 52 53 54 55 56 57 58 59 60 0
3 0 61 62 63 64 65 66 67 68 69 70 71 72 73 74 75 76 77 78 79 80 81 82 83 84 85 86 87 0
4 0 88 89 90 91 92 93 94 95 96 97 98 99 0
Best solution:
4
1 0 94 95 81 85 64 36 42 38 43 66 40 54 45 47 62 70 71 52 1 51 49 56 57 59 91 92 96 37 87 0
2 0 30 80 20 12 31 90 27 35 41 10 11 13 4 39 79 26 44 65 46 69 78 60 0
3 0 84 50 75 6 89 73 77 14 24 58 55 34 83 93 68 97 98 99 0
4 0 53 18 63 19 25 32 7 67 28 8 9 33 22 23 17 15 2 74 5 76 61 82 16 88 3 72 48 21 86 29 0
Details of initial solution:
Target function value = 943.681964173041
Total travel time = 5779.21964173041
Total penalty = 72
Total vehicle cost = 2592
Details of best solution:
Target function value = 296.006724430914
Total travel time = 1502.46724430914
Total penalty = 17
Total vehicle cost = 2592
