Initial Solution:
4
10 0 1 2 3 4 5 6 7 8 9 10 11 12 13 14 15 16 17 18 19 20 21 22 23 24 25 26 27 28 29 30 0
2 0 31 32 33 34 35 36 37 38 39 40 41 42 43 44 45 46 47 48 49 50 51 52 53 54 55 56 57 58 59 0
1 0 60 61 62 63 64 65 66 67 68 69 70 71 72 73 74 75 76 77 78 79 80 81 82 83 84 85 86 87 0
7 0 88 89 90 91 92 93 94 95 96 97 98 99 0
Best solution:
4
10 0 3 5 9 6 1 7 8 2 4 10 11 45 43 47 40 41 39 42 46 50 44 48 49 55 51 52 54 53 56 57 58 59 0
2 0 32 27 36 31 12 28 38 35 37 13 14 15 19 16 17 22 21 18 20 23 24 25 26 34 29 33 30 0
1 0 60 64 63 68 65 69 61 62 71 66 67 70 75 80 77 82 72 78 73 76 81 74 79 83 84 85 86 87 0
7 0 93 94 89 91 88 90 92 96 97 95 98 99 0
Details of initial solution:
Target function value = 207.910936062758
Total travel time = 933.709360627579
Total penalty = 9
Total vehicle cost = 2618
Details of best solution:
Target function value = 149.001473063657
Total travel time = 704.614730636572
Total penalty = 0
Total vehicle cost = 2618
