Initial Solution:
4
2 0 1 2 3 4 5 6 7 8 9 10 11 12 13 14 15 16 17 18 19 20 21 22 23 24 25 26 27 28 29 30 31 32 0
10 0 33 34 35 36 37 38 39 40 41 42 43 44 45 46 47 48 49 50 51 52 53 54 55 56 57 58 59 60 61 62 63 64 65 66 0
4 0 67 68 69 70 71 72 73 74 75 76 77 78 79 80 81 82 83 84 85 86 87 88 89 90 91 92 93 94 95 0
9 0 96 97 98 99 0
Best solution:
4
6 0 30 31 45 75 77 26 40 24 85 49 8 9 47 21 48 36 22 2 91 80 93 95 0
5 0 16 76 90 44 54 41 42 17 23 51 18 65 33 46 69 92 53 56 57 27 61 82 73 74 15 37 98 32 0
8 0 59 79 29 1 14 58 55 43 96 34 64 70 5 20 12 19 89 25 35 13 60 84 66 0
9 0 6 7 52 38 39 87 67 86 72 11 63 97 3 4 10 71 68 50 88 81 62 78 94 83 28 99 0
Details of initial solution:
Target function value = 934.574903180309
Total travel time = 5456.04903180308
Total penalty = 77
Total vehicle cost = 2699
Details of best solution:
Target function value = 316.560797540662
Total travel time = 1761.90797540662
Total penalty = 18
Total vehicle cost = 2279
